tileHub,320,480,0,0,32,32,0,1,1,4294967295
tileHub,352,480,0,0,32,32,0,1,1,4294967295
tileHub,416,480,0,0,32,32,0,1,1,4294967295
tileHub,416,480,0,0,32,32,0,1,1,4294967295
bHub,320,448,0,0,32,32,0,1,1,4294967295
bHub,320,416,0,0,32,32,0,1,1,4294967295
bHub,320,384,0,0,32,32,0,1,1,4294967295
bHub,320,352,0,0,32,32,0,1,1,4294967295
bHub,352,352,0,0,32,32,0,1,1,4294967295
bHub,352,384,0,0,32,32,0,1,1,4294967295
bHub,352,416,0,0,32,32,0,1,1,4294967295
bHub,352,448,0,0,32,32,0,1,1,4294967295
bHub,384,352,0,0,32,32,0,1,1,4294967295
bHub,384,384,0,0,32,32,0,1,1,4294967295
bHub,384,416,0,0,32,32,0,1,1,4294967295
bHub,384,448,0,0,32,32,0,1,1,4294967295
bHub,416,352,0,0,32,32,0,1,1,4294967295
bHub,416,384,0,0,32,32,0,1,1,4294967295
bHub,416,416,0,0,32,32,0,1,1,4294967295
bHub,416,448,0,0,32,32,0,1,1,4294967295
bHub,288,352,0,0,32,32,0,1,1,4294967295
bHub,288,384,0,0,32,32,0,1,1,4294967295
bHub,288,416,0,0,32,32,0,1,1,4294967295
bHub,288,448,0,0,32,32,0,1,1,4294967295
bHub,288,320,0,0,32,32,0,1,1,4294967295
bHub,320,320,0,0,32,32,0,1,1,4294967295
bHub,352,320,0,0,32,32,0,1,1,4294967295
bHub,384,320,0,0,32,32,0,1,1,4294967295
bHub,416,320,0,0,32,32,0,1,1,4294967295
bHub,448,320,0,0,32,32,0,1,1,4294967295
bHub,448,352,0,0,32,32,0,1,1,4294967295
bHub,448,384,0,0,32,32,0,1,1,4294967295
bHub,448,416,0,0,32,32,0,1,1,4294967295
bHub,448,448,0,0,32,32,0,1,1,4294967295
tileHub,288,480,0,0,32,32,0,1,1,4294967295
tileHub,448,480,0,0,32,32,0,1,1,4294967295
tileHub,384,480,0,0,32,32,0,1,1,4294967295
