SpikeD,368,320,6CFDF03D,0,1,1,4294967295,0,0
SpikeR,400,288,1827151C,0,1,1,4294967295,0,0
SpikeL,336,288,E209BFA3,0,1,1,4294967295,0,0
SpikeU,368,256,9E404B96,0,1,1,4294967295,0,0
CreditsWarp,0,0,0E0C98E2,0,1,1,4294967295,0,1
TextDraw,48,464,D5AA94F8,0,1,1,4294967295,0,1
TextDraw,384,32,39F57008,0,1,1,4294967295,0,1
TextDraw,48,512,5B66432F,0,1,1,4294967295,0,1
TextDraw,48,560,153A13FB,0,1,1,4294967295,0,1
CoinBlock,336,352,56663EEE,0,1,1,4294967295,0,1
CoinBlock,400,352,EB738348,0,1,1,4294967295,0,1
CoinBlock,400,320,0EB1FAAF,0,1,1,4294967295,0,1
CoinBlock,336,320,4E0C4073,0,1,1,4294967295,0,1
Spinner,368,288,FE42955C,0,1,1,4294967295,0,1
