Water2,448,352,75AA1941,0,1,2,4294967295,0,0
Water2,704,256,EF8D31C7,0,1,4,4294967295,0,0
SpikeU,448,128,F6E8FAC6,0,1,1,4294967295,0,0
SpikeR,480,160,23A3379D,0,1,1,4294967295,0,0
SpikeD,448,192,0CBA7E19,0,1,1,4294967295,0,0
SpikeL,416,160,2D089536,0,1,1,4294967295,0,0
SpikeU,320,544,8DC504E6,0,1,1,4294967295,0,0
SpikeL,256,544,020C211E,0,1,1,4294967295,0,0
SpikeR,288,544,4C9DDA10,0,1,1,4294967295,0,0
SpikeU,96,512,0FBE979F,0,1,1,4294967295,0,0
SpikeD,32,480,70D5191C,0,1,1,4294967295,0,0
SpikeR,64,448,8F5FBEE2,0,1,1,4294967295,0,0
SpikeR,128,544,D719715C,0,1,1,4294967295,0,0
SpikeU,160,544,A188F587,0,1,1,4294967295,0,0
SpikeU,192,544,B678571C,0,1,1,4294967295,0,0
SpikeU,224,544,CFEF824C,0,1,1,4294967295,0,0
SpikeD,64,320,B0F4FE84,0,1,1,4294967295,0,0
SpikeD,192,320,A2F2BB73,0,1,1,4294967295,0,0
SpikeD,128,320,62176460,0,1,1,4294967295,0,0
SpikeD,96,320,0E2E9216,0,1,1,4294967295,0,0
SpikeU,32,416,5069E463,0,1,1,4294967295,0,0
SpikeU,208,320,433A0DD1,0,1,1,4294967295,0,0
SpikeR,160,400,A816E18D,0,1,1,4294967295,0,0
SpikeL,64,416,1AF57FD9,0,1,1,4294967295,0,0
SpikeR,128,416,42CF5281,0,1,1,4294967295,0,0
SpikeL,128,400,BE0F6FEF,0,1,1,4294967295,0,0
SpikeL,160,480,63173E0E,0,1,1,4294967295,0,0
SpikeL,112,496,292FC662,0,1,1,4294967295,0,0
SpikeR,144,496,704CAE53,0,1,1,4294967295,0,0
SpikeD,192,352,0188A2CD,0,1,1,4294967295,0,1
SpikeD,704,64,A47EAD61,0,1,1,4294967295,0,0
SpikeU,704,160,CE54684B,0,1,1,4294967295,0,0
SpikeD,736,32,5ABA32A9,0,1,1,4294967295,0,0
SpikeU,704,352,3E564D50,0,1,1,4294967295,0,0
SpikeD,704,256,B183FA01,0,1,1,4294967295,0,0
SpikeU,352,448,13265F1C,0,1,1,4294967295,0,0
SpikeU,416,448,CDC94A80,0,1,1,4294967295,0,0
SpikeU,320,448,C754C20F,0,1,1,4294967295,0,0
SpikeU,288,448,0AE53267,0,1,1,4294967295,0,0
SpikeR,448,480,B9841CE0,0,1,1,4294967295,0,0
SpikeL,448,416,3540C931,0,1,1,4294967295,0,0
SpikeD,320,384,61FFAB34,0,1,1,4294967295,0,0
SpikeU,512,352,39568EED,0,1,1,4294967295,0,1
SpikeU,512,544,2DB6F189,0,1,1,4294967295,0,0
SpikeU,544,544,EC90691C,0,1,1,4294967295,0,0
SpikeU,576,544,5C95CC38,0,1,1,4294967295,0,0
SpikeU,480,544,DAFC63EE,0,1,1,4294967295,0,0
SpikeD,608,64,32D167B9,0,1,1,4294967295,0,0
SpikeU,608,160,9C0BC505,0,1,1,4294967295,0,0
SpikeD,576,64,4BC7FD70,0,1,1,4294967295,0,0
SpikeD,544,64,0F257714,0,1,1,4294967295,0,0
SpikeD,512,64,E98650C9,0,1,1,4294967295,0,0
SpikeD,480,64,A726CD29,0,1,1,4294967295,0,0
SpikeD,448,64,6F07E235,0,1,1,4294967295,0,0
SpikeD,416,64,C8E9C163,0,1,1,4294967295,0,0
SpikeD,384,64,0266746C,0,1,1,4294967295,0,0
SpikeD,352,64,A6E6A2E2,0,1,1,4294967295,0,0
SpikeD,320,64,FF4E4329,0,1,1,4294967295,0,0
SpikeD,288,64,C0816840,0,1,1,4294967295,0,0
SpikeU,544,224,8E20F1BA,0,1,1,4294967295,0,0
SpikeU,512,224,509E9311,0,1,1,4294967295,0,0
SpikeU,480,224,C011F236,0,1,1,4294967295,0,0
SpikeU,448,224,05282B4C,0,1,1,4294967295,0,0
SpikeU,320,96,EA165432,0,1,1,4294967295,0,0
SpikeR,352,128,5D37A4F4,0,1,1,4294967295,0,0
SpikeD,320,160,2B6744DA,0,1,1,4294967295,0,0
SpikeL,288,128,8928B1C6,0,1,1,4294967295,0,0
SpikeU,416,224,83325454,0,1,1,4294967295,0,0
SpikeU,384,224,DC73900E,0,1,1,4294967295,0,0
SpikeU,352,224,F5AE876D,0,1,1,4294967295,0,0
SpikeU,320,224,924C942C,0,1,1,4294967295,0,0
SpikeU,288,224,11E82B47,0,1,1,4294967295,0,0
SpikeU,256,224,3FEC4DD3,0,1,1,4294967295,0,0
SpikeD,256,64,C430751D,0,1,1,4294967295,0,0
SpikeD,224,64,B63D76E2,0,1,1,4294967295,0,0
SpikeD,192,64,04CD7694,0,1,1,4294967295,0,0
SpikeD,160,64,85922170,0,1,1,4294967295,0,0
SpikeD,128,64,C5F70C3A,0,1,1,4294967295,0,0
SpikeD,96,64,6FEBBB9A,0,1,1,4294967295,0,0
SpikeD,64,64,48EC675B,0,1,1,4294967295,0,0
SpikeD,32,96,0353E1FE,0,1,1,4294967295,0,0
SpikeU,224,224,3CFD4B25,0,1,1,4294967295,0,0
SpikeU,192,224,C703DC76,0,1,1,4294967295,0,0
SpikeU,160,224,27508AA0,0,1,1,4294967295,0,0
SpikeU,128,224,BDF5361C,0,1,1,4294967295,0,0
SpikeU,96,224,77E9B34E,0,1,1,4294967295,0,0
SpikeU,64,224,2D902366,0,1,1,4294967295,0,0
SpikeU,32,192,93D52269,0,1,1,4294967295,0,0
SpikeD,32,224,7C50FA63,0,1,1,4294967295,0,0
SpikeU,32,64,94D508E7,0,1,1,4294967295,0,0
SpikeR,192,128,09BEACF4,0,1,1,4294967295,0,1
SpikeL,128,128,4D9B45A0,0,1,1,4294967295,0,1
SpikeD,160,160,25CD5314,0,1,1,4294967295,0,1
SpikeU,160,96,92C26F32,0,1,1,4294967295,0,1
Warp,32,144,9EE3D308,0,1,1,4294967295,0,1
Autotiler,0,0,E883BB22,0,1,1,4294967295,0,1
Block,0,32,003F7A19,0,1,17,4294967295,0,0
Block,0,576,001A25E1,0,25,1,4294967295,0,0
Block,768,32,00401B8D,0,1,17,4294967295,0,0
Block,0,0,00256BF1,0,25,1,4294967295,0,0
Block,448,160,CA0E8B80,0,1,1,4294967295,0,0
Block,32,288,EF757784,0,1,1,4294967295,0,0
Block,64,288,7CB81478,0,1,1,4294967295,0,0
Block,96,288,3FB5E1A9,0,1,1,4294967295,0,0
Block,128,288,D7382686,0,1,1,4294967295,0,0
Block,160,288,E518A568,0,1,1,4294967295,0,0
Block,192,288,06A23F9F,0,1,1,4294967295,0,0
Block,224,288,F4E38A3C,0,1,1,4294967295,0,0
Block,256,288,37C2CAA4,0,1,1,4294967295,0,0
Block,256,320,D7BFBB65,0,1,1,4294967295,0,0
Block,256,352,501C3477,0,1,1,4294967295,0,0
Block,256,384,9374FDE4,0,1,1,4294967295,0,0
Block,256,416,01AA7BA8,0,1,1,4294967295,0,0
Block,256,448,78F24183,0,1,1,4294967295,0,0
Block,256,480,79353361,0,1,1,4294967295,0,0
Block,288,480,8730FCD8,0,1,1,4294967295,0,0
Block,320,480,D00E74B2,0,1,1,4294967295,0,0
Block,352,480,3080798E,0,1,1,4294967295,0,0
Block,96,544,070D9527,0,1,1,4294967295,0,0
Block,32,448,A3E0A0E2,0,1,1,4294967295,0,0
Block,288,288,EB362723,0,1,1,4294967295,0,0
Block,320,288,07B7A1A5,0,1,1,4294967295,0,0
Block,352,288,82D23990,0,1,1,4294967295,0,0
Block,384,288,D20DC268,0,1,1,4294967295,0,0
Block,416,288,8BEDA2F9,0,1,1,4294967295,0,0
Block,704,32,5B1C2A44,0,1,1,4294967295,0,0
Block,704,192,E3579B4A,0,1,1,4294967295,0,0
Block,704,224,264C0691,0,1,1,4294967295,0,0
Block,672,224,2BC8407A,0,1,1,4294967295,0,0
Block,672,256,F428C2C2,0,1,1,4294967295,0,0
Block,672,288,96001B09,0,1,1,4294967295,0,0
Block,672,320,CC366471,0,1,1,4294967295,0,0
Block,672,352,A95B3098,0,1,1,4294967295,0,0
Block,672,384,7963EF0A,0,1,1,4294967295,0,0
Block,704,384,D456F260,0,1,1,4294967295,0,0
Block,448,288,3C94432C,0,1,1,4294967295,0,0
Block,480,288,AC7914A0,0,1,1,4294967295,0,0
Block,512,288,5245632C,0,1,1,4294967295,0,0
Block,544,288,A9BF5C41,0,1,1,4294967295,0,0
Block,576,288,D954F6E5,0,1,1,4294967295,0,0
Block,640,288,9005CC6D,0,1,1,4294967295,0,0
Block,608,288,8E63AEEC,0,1,1,4294967295,0,0
Block,704,416,F949341D,0,1,1,4294967295,0,0
Block,704,448,98825806,0,1,1,4294967295,0,0
Block,704,480,7804307F,0,1,1,4294967295,0,0
Block,704,512,77F9B659,0,1,1,4294967295,0,0
Block,640,544,CCEBA265,0,1,1,4294967295,0,0
Block,416,544,354319EB,0,1,1,4294967295,0,0
Block,416,512,2212447A,0,1,1,4294967295,0,0
Block,416,480,6353254D,0,1,1,4294967295,0,0
Block,480,448,E1FDAA8F,0,1,1,4294967295,0,0
Block,320,352,94316D4A,0,1,1,4294967295,0,0
Block,352,352,F40C90AC,0,1,1,4294967295,0,0
Block,384,352,0FE65800,0,1,1,4294967295,0,0
Block,416,352,AD3D3863,0,1,1,4294967295,0,0
Block,416,384,270A6165,0,1,1,4294967295,0,0
Block,480,416,513E5E98,0,1,1,4294967295,0,0
Block,480,384,DA174414,0,1,1,4294967295,0,0
Block,480,352,10C8E60B,0,1,1,4294967295,0,0
Block,608,352,4D3FF5F0,0,1,1,4294967295,0,0
Block,608,384,9EC8C78D,0,1,1,4294967295,0,0
Block,512,384,04B91DD9,0,1,1,4294967295,0,0
Block,544,384,26F0F898,0,1,1,4294967295,0,0
Block,576,384,D9D65E50,0,1,1,4294967295,0,0
Block,672,416,B17C924E,0,1,1,4294967295,0,0
Block,672,448,1C621E32,0,1,1,4294967295,0,0
Block,640,448,90759DA9,0,1,1,4294967295,0,0
Block,608,448,50D72FB6,0,1,1,4294967295,0,0
Block,576,448,7488CA32,0,1,1,4294967295,0,0
Block,544,448,B6997F38,0,1,1,4294967295,0,0
Block,640,224,89FDD97B,0,1,1,4294967295,0,0
Block,608,224,D93B963B,0,1,1,4294967295,0,0
Block,608,192,C3B67850,0,1,1,4294967295,0,0
Block,608,32,A243753C,0,1,1,4294967295,0,0
Block,640,256,472C0CFC,0,1,1,4294967295,0,0
Block,608,256,206362BE,0,1,1,4294967295,0,0
ConveyorLeft,544,32,DEBE2B94,0,1,1,4294967295,0,0
ConveyorLeft,512,32,08532FD1,0,1,1,4294967295,0,0
ConveyorLeft,480,32,0F582472,0,1,1,4294967295,0,0
ConveyorLeft,448,32,CB0FCEC2,0,1,1,4294967295,0,0
ConveyorLeft,416,32,65C36E68,0,1,1,4294967295,0,0
ConveyorLeft,384,32,8200C97B,0,1,1,4294967295,0,0
ConveyorLeft,352,32,B6A00731,0,1,1,4294967295,0,0
ConveyorLeft,320,32,B015FF5A,0,1,1,4294967295,0,0
ConveyorLeft,288,32,E639C64F,0,1,1,4294967295,0,0
ConveyorLeft,544,256,2AA33528,0,1,1,4294967295,0,0
ConveyorLeft,512,256,4A8CB572,0,1,1,4294967295,0,0
ConveyorLeft,480,256,53D3DD58,0,1,1,4294967295,0,0
ConveyorLeft,448,256,0A2F1C19,0,1,1,4294967295,0,0
ConveyorLeft,416,256,73546E9F,0,1,1,4294967295,0,0
ConveyorLeft,384,256,3D8A8162,0,1,1,4294967295,0,0
ConveyorLeft,352,256,09FAD877,0,1,1,4294967295,0,0
ConveyorLeft,320,256,500500C9,0,1,1,4294967295,0,0
ConveyorLeft,288,256,1D74C3E9,0,1,1,4294967295,0,0
ConveyorLeft,256,256,47134138,0,1,1,4294967295,0,0
Block,576,160,5BCB583C,0,1,1,4294967295,0,0
Block,576,192,1453A277,0,1,1,4294967295,0,0
Block,576,32,687D815C,0,1,1,4294967295,0,0
Block,320,128,78A1AB45,0,1,1,4294967295,0,0
Block,576,224,8148B7CD,0,1,1,4294967295,0,0
Block,576,256,3D597023,0,1,1,4294967295,0,0
ConveyorLeft,256,32,05F5D987,0,1,1,4294967295,0,0
ConveyorLeft,224,32,3EBC2825,0,1,1,4294967295,0,0
ConveyorLeft,192,32,C2E73DAF,0,1,1,4294967295,0,0
ConveyorLeft,224,256,B65681C0,0,1,1,4294967295,0,0
ConveyorLeft,192,256,C132B93C,0,1,1,4294967295,0,0
ConveyorLeft,160,256,80033A72,0,1,1,4294967295,0,0
ConveyorLeft,128,256,B03C0C43,0,1,1,4294967295,0,0
ConveyorLeft,96,256,F61660A4,0,1,1,4294967295,0,0
ConveyorLeft,64,256,7DC24A64,0,1,1,4294967295,0,0
ConveyorLeft,32,256,B8BE33C5,0,1,1,4294967295,0,0
ConveyorLeft,160,32,E851A32E,0,1,1,4294967295,0,0
ConveyorLeft,128,32,A32D8EDD,0,1,1,4294967295,0,0
ConveyorLeft,96,32,733F3A46,0,1,1,4294967295,0,0
ConveyorLeft,32,32,3D9C86CE,0,1,1,4294967295,0,0
ConveyorLeft,64,32,9455E452,0,1,1,4294967295,0,0
MusicPlayer,288,320,003C2ED2,0,1,1,4294967295,0,1
SaveBook,64,544,D5F39610,0,1,1,4294967295,0,0
Skinner,640,320,90C79006,0,1,1,4294967295,0,1
GravNormal,320,512,D1B39D95,0,1,1,4294967295,0,0
SaveBook,384,544,7C618F01,0,1,1,4294967295,0,0
GravFlip,32,320,D5AA48EA,0,1,1,4294967295,0,0
SpikeBlock,224,416,D5F1B284,0,1,1,4294967295,0,0
SpikeBlock,96,416,A9C4E32B,0,1,1,4294967295,0,0
SJumpBlock,192,480,B3325691,0,1,1,4294967295,0,0
SJumpBlock,160,320,8E244968,0,1,1,4294967295,0,0
Crusher,464,464,25708200,0,1,1,4294967295,0,1
Trigger1,448,352,60FD684A,0,1,1,4294967295,0,0
AddTrigger,400,400,6CDF9C00,0,1,1,4294967295,0,1
Triggered1,448,416,D8A700D9,0,1,1,4294967295,0,0
TrapStop,448,320,377999EF,0,1,1,4294967295,0,0
SaveBook,672,192,1A0A309D,0,1,1,4294967295,0,0
AddTrigger,672,64,E8E11155,0,1,1,4294967295,0,1
Trigger2,736,384,22371C1A,0,1,1,4294967295,0,0
Triggered2,736,32,0BC1E72D,0,1,1,4294967295,0,0
PushBlock,576,128,BB9017F9,0,1,1,4294967295,0,0
GravFlip,544,192,7A9128DC,0,1,1,4294967295,0,0
GravNormal,384,144,F8411ED8,0,1,1,4294967295,0,0
SpikeBlock,160,128,C9DFD2FE,0,1,1,4294967295,0,1
AutoSaver,32,560,0D559BFA,0,1,1,4294967295,0,1
TrapStop,736,576,43744372,0,1,1,4294967295,0,0
PlayerStart,32,544,96BD2CE7,0,1,1,4294967295,0,0
