AngryWater,160,480,909A7EC9,0,1,3,4294967295,0,0
AngryWater,160,288,C579CDCC,0,1,2,4294967295,0,0
AngryWater,64,320,7B4CA75D,0,1,1,4294967295,0,0
AngryWater,64,256,15E718C5,0,1,1,4294967295,0,0
AngryWater,64,96,85E96EE9,0,1,1,4294967295,0,0
AngryWater,384,64,2A8FB159,0,2,1,4294967295,0,0
AngryWater,384,96,3AB9C4D5,0,1,2,4294967295,0,0
AngryWater,416,128,CB978CE2,0,2,1,4294967295,0,0
AngryWater,512,32,1F1DC1B6,0,5,1,4294967295,0,0
AngryWater,448,96,12522F6C,0,1,1,4294967295,0,0
AngryWater,608,256,31A98B56,0,1,1,4294967295,0,1
AngryWater,288,192,14947ED3,0,6.5,1,4294967295,0,0
AngryWater,288,224,E1A0BD86,0,1,7.5,4294967295,0,0
AngryWater,704,384,AAC5D1EF,0,2,2,4294967295,0,0
AngryWater,512,496,CE180BB3,0,3,1.5,4294967295,0,0
AngryWater,320,224,3018D021,0,0.5,1,4294967295,0,0
SpikeU,128,480,F825D1B1,0,1,1,4294967295,0,0
SpikeU,160,544,E161707B,0,1,1,4294967295,0,0
SpikeU,192,544,C68490A4,0,1,1,4294967295,0,0
SpikeL,192,448,3F082D95,0,1,1,4294967295,0,0
SpikeD,224,352,9FFDCE8E,0,1,1,4294967295,0,0
SpikeD,160,288,2C239B03,0,0.5,0.5,4294967295,0,0
SpikeU,160,320,638153FD,0,1,1,4294967295,0,0
SpikeD,160,384,99D47599,0,1,1,4294967295,0,0
SpikeD,128,192,43D68744,0,1,1,4294967295,0,0
SpikeD,192,192,FB0CB3DE,0,1,1,4294967295,0,0
SpikeU,96,96,68B59B6D,0,1,1,4294967295,0,0
SpikeU,32,128,9B777AB4,0,1,1,4294967295,0,0
SpikeD,128,32,28CF6E07,0,1,1,4294967295,0,0
SpikeU,160,96,65F75A83,0,1,1,4294967295,0,0
SpikeU,128,128,7A58E6D7,0,1,1,4294967295,0,0
SpikeR,256,96,F0CAAD85,0,1,1,4294967295,0,0
SpikeD,320,32,8E9CED85,0,1,1,4294967295,0,0
SpikeD,384,32,E20C4BCC,0,1,1,4294967295,0,0
SpikeR,288,128,01EFF8F9,0,1,1,4294967295,0,0
SpikeU,352,96,D9E056A8,0,1,1,4294967295,0,0
SpikeL,320,128,8EF70E35,0,1,1,4294967295,0,0
SpikeR,384,128,89792FBA,0,1,1,4294967295,0,0
SpikeD,512,32,15E27213,0,1,1,4294967295,0,1
SpikeU,512,128,FFC9BABD,0,1,1,4294967295,0,0
SpikeU,544,128,C6C9DBC5,0,1,1,4294967295,0,0
SpikeU,576,128,2FE5E2E2,0,1,1,4294967295,0,0
SpikeU,608,128,5BA9E61E,0,1,1,4294967295,0,0
SpikeU,640,128,8B1D6827,0,1,1,4294967295,0,0
SpikeD,576,32,7F9BB6E9,0,1,1,4294967295,0,1
SpikeR,704,128,511724B9,0,1,1,4294967295,0,0
SpikeD,736,32,8AEBB9B0,0,1,1,4294967295,0,0
SpikeD,672,192,C1B56F3B,0,1,1,4294967295,0,0
SpikeD,640,192,CB3E6270,0,1,1,4294967295,0,0
SpikeD,608,192,CAF3435E,0,1,1,4294967295,0,0
SpikeL,704,256,4CB46193,0,1,1,4294967295,0,0
SpikeU,672,320,64FA1BEE,0,1,1,4294967295,0,0
SpikeU,640,320,8046EBB4,0,1,1,4294967295,0,0
SpikeU,608,320,56714850,0,1,1,4294967295,0,0
SpikeU,576,320,A468D261,0,1,1,4294967295,0,0
SpikeU,704,320,D883978A,0,1,1,4294967295,0,0
SpikeD,480,192,E3382A32,0,1,1,4294967295,0,0
SpikeL,480,288,CC38F822,0,1,1,4294967295,0,0
SpikeU,416,224,340FFDD0,0,1,1,4294967295,0,0
SpikeR,448,256,8CFD66EB,0,1,1,4294967295,0,0
SpikeU,320,224,6F5F6CC4,0,1,1,4294967295,0,0
SpikeR,288,320,69D4A77C,0,1,1,4294967295,0,0
SpikeR,352,256,5D5BBA87,0,1,1,4294967295,0,0
SpikeL,384,256,7551A092,0,1,1,4294967295,0,0
SpikeU,416,352,07F75C87,0,1,1,4294967295,0,0
SpikeU,320,416,AF6A876C,0,1,1,4294967295,0,0
SpikeL,384,448,0E6D7182,0,1,1,4294967295,0,0
SpikeR,352,448,759B7D3D,0,1,1,4294967295,0,0
SpikeL,288,448,341EA8EC,0,1,1,4294967295,0,0
SpikeD,256,416,09A7BFBB,0,1,1,4294967295,0,0
SpikeD,672,384,A1C088A4,0,1,1,4294967295,0,0
SpikeL,736,448,2021271B,0,1,1,4294967295,0,0
SpikeR,448,384,D3F5D534,0,1,1,4294967295,0,0
SpikeR,480,400,D8240FBD,0,1,1,4294967295,0,0
SpikeR,448,416,276C69AB,0,1,1,4294967295,0,0
SpikeL,448,400,129874F7,0,1,1,4294967295,0,0
SpikeL,512,480,47B51F7A,0,1,1,4294967295,0,0
SpikeR,576,480,0C659A57,0,1,1,4294967295,0,0
SpikeD,544,512,7B3425AF,0,1,1,4294967295,0,0
SpikeU,160,272,03E01DED,0,0.5,0.5,4294967295,0,0
SpikeU,176,272,E23B2BB4,0,0.5,0.5,4294967295,0,0
SpikeD,176,288,BA1FB394,0,0.5,0.5,4294967295,0,0
SpikeR,576,256,67C940CF,0,1,1,4294967295,0,0
SpikeU,736,224,2840CDF3,0,1,1,4294967295,0,0
Warp,736,384,A642464E,0,1,1,4294967295,0,1
Autotiler,0,0,E883BB22,0,1,1,4294967295,0,1
Block,0,32,003F7A19,0,1,17,4294967295,0,0
Block,0,576,001A25E1,0,8,1,4294967295,0,0
Block,768,32,00401B8D,0,1,17,4294967295,0,0
Block,0,0,00256BF1,0,25,1,4294967295,0,0
Block,224,448,E8918A5C,0,1,1,4294967295,0,0
Block,128,544,60683947,0,1,1,4294967295,0,0
Block,128,512,6A0D6C31,0,1,1,4294967295,0,0
Block,224,480,72B5DDE5,0,1,1,4294967295,0,0
Block,224,512,B8703029,0,1,1,4294967295,0,0
Block,224,544,AB8FD872,0,1,1,4294967295,0,0
Block,256,352,97387767,0,1,1,4294967295,0,0
Block,256,384,770C26FD,0,1,1,4294967295,0,0
Block,256,320,E2258D5D,0,1,1,4294967295,0,0
Block,224,320,E5B3AD8B,0,1,1,4294967295,0,0
Block,224,288,46314C21,0,1,1,4294967295,0,0
Block,96,288,05FB3E43,0,1,1,4294967295,0,0
Block,160,352,08934E2B,0,1,1,4294967295,0,0
Block,96,256,53315FD3,0,1,1,4294967295,0,0
Block,224,256,9270C093,0,1,1,4294967295,0,0
Block,224,224,F4B7F76F,0,1,1,4294967295,0,0
Block,224,192,CE2C6F64,0,1,1,4294967295,0,0
Block,224,160,D0B72F26,0,1,1,4294967295,0,0
Block,192,160,155BF99F,0,1,1,4294967295,0,0
Block,160,160,91D78B40,0,1,1,4294967295,0,0
Block,128,160,765AEC11,0,1,1,4294967295,0,0
Block,96,160,6A0B81E6,0,1,1,4294967295,0,0
Block,96,192,642F4CD0,0,1,1,4294967295,0,0
Block,96,224,17631303,0,1,1,4294967295,0,0
Block,64,352,DC9F9EEB,0,1,1,4294967295,0,0
Block,64,288,301315A6,0,1,1,4294967295,0,0
Block,32,224,248A597C,0,1,1,4294967295,0,0
Block,352,160,A45A30A6,0,1,1,4294967295,0,0
Block,32,192,EB921C9B,0,1,1,4294967295,0,0
Block,32,160,B0FC7CFB,0,1,1,4294967295,0,0
Block,96,128,E19BD9BF,0,1,1,4294967295,0,0
Block,160,128,61A5F084,0,1,1,4294967295,0,0
Block,192,96,1573DEC6,0,1,1,4294967295,0,0
Block,192,128,5A19C851,0,1,1,4294967295,0,0
Block,224,128,42AF1131,0,1,1,4294967295,0,0
Block,224,96,53B8296B,0,1,1,4294967295,0,0
Block,256,128,7F66321F,0,1,1,4294967295,0,0
Block,352,128,1D29772E,0,1,1,4294967295,0,0
Block,416,160,FD26F3DF,0,1,1,4294967295,0,0
Block,448,160,21954805,0,1,1,4294967295,0,0
Block,480,96,B7EB014D,0,1,1,4294967295,0,0
Block,480,128,DF1D4C3A,0,1,1,4294967295,0,0
Block,480,64,4BDFF7E9,0,1,1,4294967295,0,0
Block,480,160,EA463A01,0,1,1,4294967295,0,0
Block,384,160,A03748A7,0,1,1,4294967295,0,0
Block,512,160,EE4DFCAB,0,1,1,4294967295,0,0
Block,544,160,46A0F64C,0,1,1,4294967295,0,0
Block,576,160,982C4F46,0,1,1,4294967295,0,0
Block,608,160,BCF2D1B0,0,1,1,4294967295,0,0
Block,640,160,8088B1C7,0,1,1,4294967295,0,0
Block,672,64,AD182833,0,1,1,4294967295,0,0
Block,672,96,090741C0,0,1,1,4294967295,0,0
Block,672,128,DD054CC0,0,1,1,4294967295,0,0
Block,672,160,27288366,0,1,1,4294967295,0,0
Block,448,64,5FD4C617,0,1,1,4294967295,0,0
Block,576,352,32FCA956,0,1,1,4294967295,0,0
Block,608,352,BEABF360,0,1,1,4294967295,0,0
Block,640,352,A6D8EDD3,0,1,1,4294967295,0,0
Block,672,352,1A60F9EB,0,1,1,4294967295,0,0
Block,704,352,D222F7AC,0,1,1,4294967295,0,0
Block,736,352,1A28D156,0,1,1,4294967295,0,0
Block,544,256,AB06EB27,0,1,1,4294967295,0,0
Block,544,288,231D7B5C,0,1,1,4294967295,0,0
Block,544,320,A0B3846D,0,1,1,4294967295,0,0
Block,544,352,6E734F49,0,1,1,4294967295,0,0
Block,512,256,BA730DB8,0,1,1,4294967295,0,0
Block,256,160,29674BBF,0,1,1,4294967295,0,0
Block,256,192,78A40E33,0,1,1,4294967295,0,0
Block,256,224,0353B565,0,1,1,4294967295,0,0
Block,256,256,E30DFAE4,0,1,1,4294967295,0,0
Block,256,288,0EE2B27F,0,1,1,4294967295,0,0
Block,512,288,78AFEB03,0,1,1,4294967295,0,0
Block,512,320,4E36B752,0,1,1,4294967295,0,0
Block,512,352,32FE293B,0,1,1,4294967295,0,0
Block,416,256,0028A734,0,1,1,4294967295,0,0
Block,320,256,CA1CD411,0,1,1,4294967295,0,0
Block,416,384,34BB9D2D,0,1,1,4294967295,0,0
Block,416,416,58562247,0,1,1,4294967295,0,0
Block,320,448,E00E19B4,0,1,1,4294967295,0,0
Block,416,448,D88D8AE5,0,1,1,4294967295,0,0
Block,320,480,BD8351C4,0,1,1,4294967295,0,0
Block,320,512,B7E813CC,0,1,1,4294967295,0,0
Block,320,544,71D7F2B6,0,1,1,4294967295,0,0
Block,320,576,04DD82AD,0,1,1,4294967295,0,0
Block,768,576,BFC36BCA,0,1,1,4294967295,0,0
Block,544,384,F5C6B319,0,1,1,4294967295,0,0
Block,544,416,1E20DC18,0,1,1,4294967295,0,0
Block,544,448,34D8CB98,0,1,1,4294967295,0,0
Block,544,480,ED505B0C,0,1,1,4294967295,0,0
Block,416,480,B683FBDB,0,1,1,4294967295,0,0
Block,416,512,07171C05,0,1,1,4294967295,0,0
Block,416,544,21831E56,0,1,1,4294967295,0,0
Block,416,576,E05F0007,0,1,1,4294967295,0,0
Block,736,320,842D9974,0,1,1,4294967295,0,0
Block,736,288,3325EFD9,0,1,1,4294967295,0,0
Block,736,256,4E9EB8D0,0,1,1,4294967295,0,0
WallJumpL,32,192,BC1FB4CF,0,1,1,4294967295,0,0
WallJumpR,448,64,A33BE38E,0,1,1,4294967295,0,0
WallJumpL,0,96,3A682FF9,0,1,1,4294967295,0,0
WallJumpR,416,384,52EA4BBF,0,1,1,4294967295,0,0
WallJumpR,512,352,36EA3F23,0,1,1,4294967295,0,0
WallJumpR,416,416,668302DA,0,1,1,4294967295,0,0
MusicPlayer,32,0,003C2ED2,0,1,1,4294967295,0,1
Skinner,0,32,56DFD954,0,1,1,4294967295,0,1
SaveBook,80,544,17C1EF80,0,1,1,4294967295,0,0
SaveBook,240,72,0CE40951,0,1,1,4294967295,0,0
SaveBook,544,224,DF9F9C4A,0,1,1,4294967295,0,0
PlayerStart,64,544,96BD2CE7,0,1,1,4294967295,0,0
DialogueHandlerInteract,64,528,24E6C847,0,1,1,4294967295,0,1
DialogueHandlerInteract,224,56,6DD6FD47,0,1,1,4294967295,0,1
DialogueHandlerInteract,528,208,AC488EBE,0,1,1,4294967295,0,1
