tileChaos,0,320,0,0,32,32,0,1,1,4294967295
tileChaos,32,352,0,0,32,32,0,1,1,4294967295
tileChaos,64,352,0,0,32,32,0,1,1,4294967295
tileChaos,96,352,0,0,32,32,0,1,1,4294967295
tileChaos,128,352,0,0,32,32,0,1,1,4294967295
tileChaos,0,192,0,0,32,32,0,1,1,4294967295
tileChaos,0,224,0,0,32,32,0,1,1,4294967295
tileChaos,0,256,0,0,32,32,0,1,1,4294967295
tileChaos,0,288,0,0,32,32,0,1,1,4294967295
tileChaos,0,352,0,0,32,32,0,1,1,4294967295
tileChaos,32,192,0,0,32,32,0,1,1,4294967295
tileChaos,64,192,0,0,32,32,0,1,1,4294967295
tileChaos,96,192,0,0,32,32,0,1,1,4294967295
tileChaos,128,192,0,0,32,32,0,1,1,4294967295
