SpikeU,128,320,7C696B8A,0,1,1,4294967295,0,0
SpikeD,128,224,BF0FD03F,0,1,1,4294967295,0,0
SpikeU,0,160,B42B8A2D,0,1,1,4294967295,0,0
SpikeU,128,160,CDAE9A1B,0,1,1,4294967295,0,0
SpikeU,32,160,DBE2A462,0,1,1,4294967295,0,0
SpikeU,64,160,05F91420,0,1,1,4294967295,0,0
SpikeU,96,160,CA0176BD,0,1,1,4294967295,0,0
SpikeD,0,384,2A6AE39E,0,1,1,4294967295,0,0
SpikeD,32,384,A54D15A9,0,1,1,4294967295,0,0
SpikeD,64,384,68DE2DE9,0,1,1,4294967295,0,0
SpikeD,96,384,9ADB2970,0,1,1,4294967295,0,0
SpikeD,128,384,EF4B7C6C,0,1,1,4294967295,0,0
Warp,720,272,8EC93197,0,1,1,4294967295,0,1
Block,0,192,9E6BE73B,0,1,1,4294967295,0,0
Block,0,224,5EAB790A,0,1,1,4294967295,0,0
Block,0,256,6BE7D1EB,0,1,1,4294967295,0,0
Block,0,288,0BF96396,0,1,1,4294967295,0,0
Block,0,320,4142DD41,0,1,1,4294967295,0,0
Block,0,352,DD709054,0,1,1,4294967295,0,0
Block,32,352,63755DAB,0,1,1,4294967295,0,0
Block,32,192,913CF62B,0,1,1,4294967295,0,0
Block,64,192,55233F05,0,1,1,4294967295,0,0
Block,96,192,5663D972,0,1,1,4294967295,0,0
Block,128,192,DF20EB8F,0,1,1,4294967295,0,0
Block,64,352,055C0D01,0,1,1,4294967295,0,0
Block,96,352,599A9364,0,1,1,4294967295,0,0
Block,128,352,5AB7FE7E,0,1,1,4294967295,0,0
MusicPlayer,32,32,003C2ED2,0,1,1,4294967295,0,1
SavePointHard,96,320,CE5AEF4A,0,1,1,4294967295,0,0
Skinner,16,80,F7AD5B30,0,1,1,4294967295,0,1
SafeZone,32,224,32CBA9D9,0,4,4,4294967295,0,0
ChaosEnforcer,128,112,9BF71406,0,1,1,4294967295,0,1
PlayerStart,32,320,96BD2CE7,0,1,1,4294967295,0,0
