Warp,704,512,8EC93197,0,1,1,4294967295,0,1
MusicPlayer,64,512,003C2ED2,0,1,1,4294967295,0,1
Skinner,32,208,F7AD5B30,0,1,1,4294967295,0,1
SafeZone,32,32,32CBA9D9,0,4,2,4294967295,0,0
ChaosEnforcer,32,288,9BF71406,0,1,1,4294967295,0,1
ChaosBlock,128,0,1D0069FD,0,1,1,4294967295,0,0
ChaosBlock,64,96,9D7B6335,0,1,1,4294967295,0,0
ChaosBlock,0,96,8EBDDC23,0,1,1,4294967295,0,0
ChaosBlock,0,64,F4E1CD87,0,1,1,4294967295,0,0
ChaosBlock,0,32,422CE651,0,1,1,4294967295,0,0
ChaosBlock,0,0,56D12C16,0,1,1,4294967295,0,0
ChaosBlock,32,0,14266F38,0,1,1,4294967295,0,0
ChaosBlock,64,0,02E7E065,0,1,1,4294967295,0,0
ChaosBlock,96,0,D3B0C18D,0,1,1,4294967295,0,0
RuleEnforcer,80,384,2B71A7D8,0,1,1,4294967295,0,1
ChaosBlock,32,96,E837844B,0,1,1,4294967295,0,0
ChaosBlock,128,96,6B2C8219,0,1,1,4294967295,0,0
ChaosBlock,96,96,8A28FA20,0,1,1,4294967295,0,0
SaveBook,128,64,A17A0B0F,0,1,1,4294967295,0,0
PlayerStart,64,64,96BD2CE7,0,1,1,4294967295,0,0
DialogueHandlerInteract,112,48,B1B112AE,0,1,1,4294967295,0,0
