tile_Colors,0,0,0,224,32,32,0,25,5,4294967295
tile_Colors,0,448,0,224,32,32,0,25,5,4294967295
tileHub,128,352,0,0,32,32,0,1,1,4294967295
tileHub,160,352,0,0,32,32,0,1,1,4294967295
tileHub,192,352,0,0,32,32,0,1,1,4294967295
tileHub,352,352,0,0,32,32,0,1,1,4294967295
tileHub,384,352,0,0,32,32,0,1,1,4294967295
tileHub,416,352,0,0,32,32,0,1,1,4294967295
tileHub,608,352,0,0,32,32,0,1,1,4294967295
tileHub,640,352,0,0,32,32,0,1,1,4294967295
tileHub,576,352,0,0,32,32,0,1,1,4294967295
tileHub,128,384,0,32,32,32,0,1,1,4294967295
tileHub,128,416,0,32,32,32,0,1,1,4294967295
tileHub,160,416,0,32,32,32,0,1,1,4294967295
tileHub,160,384,0,32,32,32,0,1,1,4294967295
tileHub,192,384,0,32,32,32,0,1,1,4294967295
tileHub,192,416,0,32,32,32,0,1,1,4294967295
tileHub,352,384,0,32,32,32,0,1,1,4294967295
tileHub,384,384,0,32,32,32,0,1,1,4294967295
tileHub,416,384,0,32,32,32,0,1,1,4294967295
tileHub,416,416,0,32,32,32,0,1,1,4294967295
tileHub,384,416,0,32,32,32,0,1,1,4294967295
tileHub,352,416,0,32,32,32,0,1,1,4294967295
tileHub,576,384,0,32,32,32,0,1,1,4294967295
tileHub,608,384,0,32,32,32,0,1,1,4294967295
tileHub,640,384,0,32,32,32,0,1,1,4294967295
tileHub,640,416,0,32,32,32,0,1,1,4294967295
tileHub,608,416,0,32,32,32,0,1,1,4294967295
tileHub,576,416,0,32,32,32,0,1,1,4294967295
bHub2,128,208,0,0,32,32,0,1,1,4294967295
bHub2,128,240,0,0,32,32,0,1,1,4294967295
bHub2,128,272,0,0,32,32,0,1,1,4294967295
bHub2,160,208,0,0,32,32,0,1,1,4294967295
bHub2,160,240,0,0,32,32,0,1,1,4294967295
bHub2,160,272,0,0,32,32,0,1,1,4294967295
bHub2,192,208,0,0,32,32,0,1,1,4294967295
bHub2,192,240,0,0,32,32,0,1,1,4294967295
bHub2,192,272,0,0,32,32,0,1,1,4294967295
bHub2,576,272,0,0,32,32,0,1,1,4294967295
bHub2,608,272,0,0,32,32,0,1,1,4294967295
bHub2,640,272,0,0,32,32,0,1,1,4294967295
bHub2,576,240,0,0,32,32,0,1,1,4294967295
bHub2,576,208,0,0,32,32,0,1,1,4294967295
bHub2,608,208,0,0,32,32,0,1,1,4294967295
bHub2,608,240,0,0,32,32,0,1,1,4294967295
bHub2,640,240,0,0,32,32,0,1,1,4294967295
bHub2,640,208,0,0,32,32,0,1,1,4294967295
