SpikeU,0,416,7C696B8A,0,1,1,4294967295,0,0
SpikeR,160,576,5ED9DD22,0,1,1,4294967295,0,0
Warp,672,96,8EC93197,0,1,1,4294967295,0,1
ChaosBlock,128,448,11678125,0,1,1,4294967295,0,0
Block,0,576,5511BE86,0,1,1,4294967295,0,0
Block,32,576,60DACA47,0,1,1,4294967295,0,0
Block,64,576,145F4871,0,1,1,4294967295,0,0
Block,96,576,F8308D16,0,1,1,4294967295,0,0
Block,0,544,E66AECDF,0,1,1,4294967295,0,0
Block,0,512,69E090EB,0,1,1,4294967295,0,0
Block,0,480,25E66988,0,1,1,4294967295,0,0
Block,0,448,C5C3FE8C,0,1,1,4294967295,0,0
Block,128,576,A9403606,0,1,1,4294967295,0,0
MusicPlayer,32,32,003C2ED2,0,1,1,4294967295,0,1
SavePointHard,112,544,CE5AEF4A,0,1,1,4294967295,0,0
Skinner,208,208,F7AD5B30,0,1,1,4294967295,0,1
SafeZone,32,448,32CBA9D9,0,4,4,4294967295,0,0
ChaosEnforcer,128,112,9BF71406,0,1,1,4294967295,0,1
AutoSaver,32,544,A847FEC1,0,1,1,4294967295,0,1
PlayerStart,32,544,96BD2CE7,0,1,1,4294967295,0,0
