FieldSJ,544,448,B7C7DBB8,0,1,1,4294967295,0,0
FieldSJ,480,448,2E480553,0,1,1,4294967295,0,0
FieldSJ,480,416,06DA2E5E,0,1,1,4294967295,0,0
FieldSJ,448,416,AA43A66C,0,1,1,4294967295,0,0
FieldSJ,448,448,EA34D1AC,0,1,1,4294967295,0,0
FieldSJ,448,384,7AF93236,0,1,1,4294967295,0,0
FieldSJ,416,384,F929B436,0,1,1,4294967295,0,0
FieldSJ,416,416,F5A9E85B,0,1,1,4294967295,0,0
FieldSJ,416,448,CE7C029F,0,1,1,4294967295,0,0
FieldSJ,416,480,7C46AD53,0,1,1,4294967295,0,0
FieldSJ,384,448,DBA0FF43,0,1,1,4294967295,0,0
FieldSJ,384,480,15BAAABD,0,1,1,4294967295,0,0
FieldSJ,384,416,97017DB4,0,1,1,4294967295,0,0
FieldSJ,352,416,7F07AC2F,0,1,1,4294967295,0,0
FieldSJ,352,384,28411CEB,0,1,1,4294967295,0,0
FieldSJ,384,384,98211C9D,0,1,1,4294967295,0,0
FieldSJ,352,448,BD07F9F3,0,1,1,4294967295,0,0
FieldSJ,352,480,07CB489B,0,1,1,4294967295,0,0
FieldSJ,288,416,42B2F244,0,1,1,4294967295,0,0
FieldSJ,320,416,5F51A00B,0,1,1,4294967295,0,0
FieldSJ,320,448,9444B03B,0,1,1,4294967295,0,0
FieldSJ,320,480,519B7E4C,0,1,1,4294967295,0,0
FieldSJ,320,512,B8C66405,0,1,1,4294967295,0,0
FieldSJ,320,384,8340492B,0,1,1,4294967295,0,0
FieldSJ,256,416,DE751542,0,1,1,4294967295,0,0
FieldSJ,544,288,FEA95241,0,1,1,4294967295,0,0
FieldSJ,576,256,5053551A,0,1,1,4294967295,0,0
FieldSJ,576,224,1BEA9A7B,0,1,1,4294967295,0,0
FieldSJ,608,256,D3DC2563,0,1,1,4294967295,0,0
FieldSJ,640,256,F0928F9E,0,1,1,4294967295,0,0
FieldSJ,640,224,AEDDEB04,0,1,1,4294967295,0,0
FieldSJ,512,96,BFC60650,0,1,1,4294967295,0,0
FieldSJ,320,128,7532F174,0,1,1,4294967295,0,0
SpikeR,320,96,2698DEE3,0,1,1,4294967295,0,1
SpikeD,352,288,A48BFEE1,0,1,1,4294967295,0,1
SpikeU,352,256,497407E1,0,1,1,4294967295,0,1
SpikeU,512,448,93B03709,0,1,1,4294967295,0,0
SpikeU,448,448,6901DC95,0,1,1,4294967295,0,0
SpikeU,432,416,0224E88B,0,1,1,4294967295,0,0
SpikeD,432,448,6734BDA0,0,1,1,4294967295,0,0
SpikeU,384,480,D03D5F21,0,1,1,4294967295,0,0
SpikeD,368,480,26934AAB,0,1,1,4294967295,0,0
SpikeD,352,448,31F2F63A,0,1,1,4294967295,0,0
SpikeU,368,448,52086220,0,1,1,4294967295,0,0
SpikeL,576,416,7BC5D402,0,1,1,4294967295,0,0
SpikeD,384,384,C2428D94,0,1,1,4294967295,0,0
SpikeU,288,480,37BB73CB,0,1,1,4294967295,0,0
SpikeU,320,512,FAFE1BBC,0,1,1,4294967295,0,0
SpikeU,256,448,4E6C462F,0,1,1,4294967295,0,0
SpikeD,320,384,9A28138A,0,1,1,4294967295,0,0
SpikeD,256,544,1837A266,0,1,1,4294967295,0,0
SpikeD,192,512,6BC5BD51,0,1,1,4294967295,0,0
SpikeU,192,416,CD1DF2EB,0,1,1,4294967295,0,0
SpikeD,128,544,5FF1C34F,0,1,1,4294967295,0,0
SpikeU,512,352,1A481CF1,0,1,1,4294967295,0,0
SpikeU,544,352,574DC07B,0,1,1,4294967295,0,0
SpikeR,512,224,634F75E0,0,1,1,4294967295,0,0
SpikeU,528,320,6C469F1F,0,1,1,4294967295,0,0
SpikeD,528,352,98EA5EB9,0,1,1,4294967295,0,0
SpikeD,576,224,1E9FFAC8,0,1,1,4294967295,0,0
SpikeU,608,256,E8201796,0,1,1,4294967295,0,0
SpikeD,544,128,04DEABBE,0,1,1,4294967295,0,0
SpikeU,608,128,CBDC57DE,0,1,1,4294967295,0,0
SpikeU,624,32,52CF3C98,0,1,1,4294967295,0,0
SpikeD,624,64,67FE5D61,0,1,1,4294967295,0,0
SpikeU,576,64,104546BB,0,1,1,4294967295,0,0
SpikeD,512,32,61DBCAFB,0,1,1,4294967295,0,0
SpikeD,608,160,7AB52AF4,0,1,1,4294967295,0,0
SpikeU,352,64,094B0B7C,0,1,1,4294967295,0,0
SpikeD,288,160,A2DC5C49,0,1,1,4294967295,0,0
SpikeD,352,160,B02A87D6,0,1,1,4294967295,0,0
SpikeL,288,96,1134E68B,0,1,1,4294967295,0,1
SpikeL,256,128,95E01C85,0,1,1,4294967295,0,0
SpikeU,224,192,8F1C62E7,0,1,1,4294967295,0,0
SpikeU,288,256,84814EFA,0,1,1,4294967295,0,0
SpikeD,640,32,EDF139FB,0,1,1,4294967295,0,0
SpikeD,608,32,C75D32EF,0,1,1,4294967295,0,0
SpikeD,416,288,94D86AF1,0,1,1,4294967295,0,1
SpikeU,416,256,47C12BEA,0,1,1,4294967295,0,1
SpikeR,256,256,AC6E8E07,0,1,1,4294967295,0,0
SpikeL,320,224,27089988,0,1,1,4294967295,0,0
SpikeU,192,320,7180B8BA,0,1,1,4294967295,0,0
SpikeU,160,256,00430AE1,0,1,1,4294967295,0,0
SpikeU,128,320,4EF79A7A,0,1,1,4294967295,0,1
SpikeL,256,288,FD7DA23E,0,1,1,4294967295,0,0
SpikeU,96,224,47DCC0D4,0,1,1,4294967295,0,0
SpikeD,96,160,6962239B,0,1,1,4294967295,0,0
SpikeD,128,128,018FB125,0,1,1,4294967295,0,0
SpikeD,192,128,EEA6E55D,0,1,1,4294967295,0,0
SpikeD,160,32,5361A27B,0,1,1,4294967295,0,0
SpikeL,672,384,F2A7AD85,0,1,1,4294967295,0,0
SpikeD,640,320,83F27F1C,0,1,1,4294967295,0,0
SpikeR,640,448,416A4599,0,1,1,4294967295,0,0
SpikeU,672,544,D93FE729,0,1,1,4294967295,0,0
Warp,448,128,8E09DF76,0,1,1,4294967295,0,1
Autotiler,128,352,E883BB22,0,1,1,4294967295,0,1
Block,672,32,00401B8D,0,1,10,4294967295,0,0
Block,192,448,24F317EA,0,1,2,4294967295,0,0
Block,576,480,BD5395A5,0,3,1,4294967295,0,0
Block,608,416,08CAF02C,0,1,2,4294967295,0,0
Block,448,480,3DBC1F9D,0,3,1,4294967295,0,0
Block,480,384,7586992D,0,5,1,4294967295,0,0
Block,352,512,117BCA7F,0,6,1,4294967295,0,0
Block,288,544,70073E1A,0,8,1,4294967295,0,0
Block,256,480,E3748B20,0,1,1,4294967295,0,0
Block,256,512,6DD12133,0,2,1,4294967295,0,0
Block,256,384,A9CB07AF,0,2,1,4294967295,0,0
Block,576,288,1D588E5A,0,3,1,4294967295,0,0
Block,480,320,C4273666,0,1,1,4294967295,0,0
Block,480,224,F3D850C4,0,1,2,4294967295,0,0
Block,640,160,8BFE9936,0,1,2,4294967295,0,0
Block,480,192,FA48B864,0,2,1,4294967295,0,0
Block,544,96,5158C347,0,2,1,4294967295,0,0
Block,576,128,4E15A21B,0,1,3,4294967295,0,0
Block,480,128,7B74617B,0,1,2,4294967295,0,0
Block,448,64,51D0BB0D,0,1,1,4294967295,0,0
Block,352,96,6C8C35FA,0,5,1,4294967295,0,0
Block,288,128,B05DDA74,0,1,1,4294967295,0,0
Block,352,128,42B82974,0,1,1,4294967295,0,0
Block,192,32,D5F1A38C,0,1,3,4294967295,0,0
Block,416,128,EA31F294,0,1,3,4294967295,0,0
Block,288,32,27902230,0,1,2,4294967295,0,0
Block,352,224,ACF4E9ED,0,3,1,4294967295,0,0
Block,224,224,C3A90C59,0,1,2,4294967295,0,0
Block,288,288,17C73873,0,1,1,4294967295,0,0
Block,352,288,89702587,0,5,1,4294967295,0,0
Block,160,288,0F5D7891,0,1,1,4294967295,0,0
Block,96,352,4E8DD602,0,13,1,4294967295,0,0
Block,96,256,2796685B,0,1,3,4294967295,0,0
Block,96,128,6EB5C293,0,1,1,4294967295,0,0
Block,96,0,4B2F27A9,0,20,1,4294967295,0,0
Block,96,32,E421FA61,0,2,3,4294967295,0,0
Block,0,0,D12F3AAA,0,3,19,4294967295,0,0
Block,736,0,1A4054D0,0,2,19,4294967295,0,0
Block,704,32,1142C0F9,0,1,17,4294967295,0,0
Block,96,544,721D40C1,0,1,2,4294967295,0,0
Block,96,384,4A897B3C,0,2,5,4294967295,0,0
Block,288,576,B9BC45BA,0,14,1,4294967295,0,0
MusicPlayer,608,512,003C2ED2,0,1,1,4294967295,0,1
SaveBook,576,544,6E764A9B,0,1,1,4294967295,0,0
Skinner,640,512,C46FE771,0,1,1,4294967295,0,1
CoinBlock,288,320,A47CF99D,0,1,1,4294967295,0,1
KidBlockDown,544,192,1D3A467F,0,1,1,4294967295,0,0
GravFlip,224,528,4A3E0CDF,0,1,1,4294967295,0,0
GravNormal,640,352,9A9BF47D,0,1,1,4294967295,0,0
KidBlockDown,160,448,51FDA7FF,0,1,1,4294967295,0,0
KidBlockUp,224,448,6D2B6BB9,0,1,1,4294967295,0,0
SaveBook,608,352,E226814C,0,1,1,4294967295,0,0
KidBlockDown,672,480,57545407,0,1,1,4294967295,0,0
GravFlip,608,192,BD9F5EFC,0,1,1,4294967295,0,0
GravNormal,640,128,57896F6F,0,1,1,4294967295,0,0
KidBlockUp,448,32,F4871EB4,0,1,1,4294967295,0,0
BlueCoin,448,320,9D4170BC,0,1,1,4294967295,0,0
SaveBook,416,64,CAD1D4A6,0,1,1,4294967295,0,0
GravFlip,320,160,209A2FC1,0,1,1,4294967295,0,0
GravNormal,256,32,1D9896FF,0,1,1,4294967295,0,0
GravNormal,224,32,253A366B,0,1,1,4294967295,0,0
CoinBlock,320,256,245C6C21,0,1,1,4294967295,0,1
BlueCoin,160,320,649F7EB6,0,1,1,4294967295,0,0
BlueCoin,160,128,E9728C46,0,1,1,4294967295,0,0
BlueCoin,96,192,34F18452,0,1,1,4294967295,0,0
BlueCoin,384,128,15456457,0,1,1,4294967295,0,0
PlayerStart,560,544,96BD2CE7,0,1,1,4294967295,0,0
