AngryWater,608,192,909A7EC9,0,1,1,4294967295,0,0
Water3,544,32,F38E8335,0,1.5,1,4294967295,0,0
Water3,736,336,1ABA1F4F,0,1,1,4294967295,0,0
Water2,672,336,B1983B0C,0,1,1,4294967295,0,0
Water2,512,400,E5B0CE30,0,1,1,4294967295,0,0
Water2,464,464,8CD0D586,0,1,1,4294967295,0,0
Water2,512,496,6E3DCA91,0,1,1,4294967295,0,0
Water2,464,368,5DEE89E4,0,1,1,4294967295,0,0
Water3,448,208,5621AE27,0,2,1,4294967295,0,0
Water3,416,304,BC0EDE61,0,1,1,4294967295,0,0
Water2,320,112,ADB1A3B0,0,1,1,4294967295,0,0
Water2,288,0,42854586,0,1,1.5,4294967295,0,0
Water2,256,0,D08C5CB8,0,1,1,4294967295,0,0
Water3,256,112,B961E409,0,1,1,4294967295,0,0
Water2,320,240,79A1C994,0,1,1,4294967295,0,0
AngryWater,224,352,C1BDA2A7,0,1,1,4294967295,0,1
Water2,320,304,0B31B0EF,0,1,1,4294967295,0,0
Water2,256,256,78801636,0,1,1,4294967295,0,0
Water2,224,224,D287C5D6,0,3,1,4294967295,0,0
Water3,576,320,5D6ABBF0,0,0.5,0.5,4294967295,0,0
Water3,592,288,8D0A43EF,0,1.5,1.5,4294967295,0,0
Water3,576,336,5D75A6CD,0,0.5,0.5,4294967295,0,0
Water3,592,336,5990050A,0,0.5,0.5,4294967295,0,0
SpikeU,640,64,3C3749D5,0,1,1,4294967295,0,0
SpikeD,576,32,59E53879,0,1,1,4294967295,0,0
SpikeL,608,96,34A3CC5B,0,1,1,4294967295,0,0
SpikeL,560,128,2E1B2D7A,0,1,1,4294967295,0,0
SpikeR,592,128,F4E1DB9B,0,1,1,4294967295,0,0
SpikeR,544,256,E922CBE3,0,1,1,4294967295,0,0
SpikeR,672,384,6003FD4F,0,1,1,4294967295,0,0
SpikeR,704,400,D448D007,0,1,1,4294967295,0,0
SpikeR,704,256,48EBD47C,0,1,1,4294967295,0,0
SpikeU,640,352,10CA577B,0,1,1,4294967295,0,0
SpikeL,672,400,428EA552,0,1,1,4294967295,0,0
SpikeU,576,384,430F8A53,0,1,1,4294967295,0,0
SpikeU,608,448,44898B7D,0,1,1,4294967295,0,0
SpikeL,544,512,CD7AABFA,0,1,1,4294967295,0,0
SpikeL,480,320,C574D125,0,1,1,4294967295,0,0
SpikeU,480,128,F87C6D3E,0,1,1,4294967295,0,0
SpikeU,416,96,85008E3D,0,1,1,4294967295,0,0
SpikeU,384,64,279EA5A1,0,1,1,4294967295,0,0
SpikeD,448,32,BF747DE7,0,1,1,4294967295,0,0
SpikeD,480,64,F194F7EE,0,1,1,4294967295,0,0
SpikeL,416,0,38B6EA98,0,1,1,4294967295,0,0
SpikeR,352,0,65D18C92,0,1,1,4294967295,0,0
SpikeD,320,32,BCA1510E,0,1,1,4294967295,0,0
SpikeD,256,160,628A715F,0,1,1,4294967295,0,0
SpikeR,224,224,C03C9F1D,0,1,1,4294967295,0,0
SpikeL,288,224,A7E391FC,0,1,1,4294967295,0,0
SpikeD,160,160,732F514D,0,1,1,4294967295,0,0
SpikeU,160,288,9227ADB0,0,1,1,4294967295,0,0
SpikeR,224,336,791A253E,0,1,1,4294967295,0,0
SpikeL,288,336,4B77546A,0,1,1,4294967295,0,0
SpikeU,352,320,FA327204,0,1,1,4294967295,0,0
SpikeD,192,512,8AE77AAF,0,1,1,4294967295,0,0
SpikeD,320,512,70DEC529,0,1,1,4294967295,0,0
SpikeR,608,320,AAA8C4DA,0,1,1,4294967295,0,0
SpikeU,576,288,898836A1,0,1,1,4294967295,0,0
SpikeL,544,320,BEDEA1EA,0,1,1,4294967295,0,0
SpikeD,128,352,5248BE79,0,1,1,4294967295,0,0
SpikeD,0,256,9F07BEEC,0,1,1,4294967295,0,0
SpikeD,384,448,6E592450,0,1,1,4294967295,0,0
SpikeD,352,384,EAF3C0B7,0,1,1,4294967295,0,0
Warp,96,544,A642464E,0,1,1,4294967295,0,1
Autotiler,768,0,E883BB22,0,1,1,4294967295,0,1
Block,768,32,00401B8D,0,1,17,4294967295,0,0
Block,512,0,00256BF1,0,9,1,4294967295,0,0
Block,640,96,E8918A5C,0,1,1,4294967295,0,0
Block,416,448,0DD6AC54,0,1,1,4294967295,0,0
Block,416,416,3C57D278,0,1,1,4294967295,0,0
Block,672,128,BD1CE31A,0,1,1,4294967295,0,0
Block,704,128,53E543EE,0,1,1,4294967295,0,0
Block,736,128,E9284E92,0,1,1,4294967295,0,0
Block,640,128,B45B23C0,0,1,1,4294967295,0,0
Block,512,32,923E61EE,0,1,1,4294967295,0,0
Block,512,64,F434EF68,0,1,1,4294967295,0,0
Block,512,96,0785F100,0,1,1,4294967295,0,0
Block,512,128,D3BE5EC7,0,1,1,4294967295,0,0
Block,512,160,2844FA53,0,1,1,4294967295,0,0
Block,512,192,6696C85B,0,1,1,4294967295,0,0
Block,512,224,336EB3DD,0,1,1,4294967295,0,0
Block,672,192,7F16DD15,0,1,1,4294967295,0,0
Block,672,224,F2A68BF7,0,1,1,4294967295,0,0
Block,672,256,7C5B981C,0,1,1,4294967295,0,0
Block,512,256,9D6AF9C4,0,1,1,4294967295,0,0
Block,512,288,48DC285E,0,1,1,4294967295,0,0
Block,704,192,F71ED82D,0,1,1,4294967295,0,0
Block,736,192,274377C4,0,1,1,4294967295,0,0
Block,672,288,2ED85EC6,0,1,1,4294967295,0,0
Block,544,288,4ED2A346,0,1,1,4294967295,0,0
Block,640,384,0034C41A,0,1,1,4294967295,0,0
Block,768,576,784562F4,0,1,1,4294967295,0,0
Block,512,320,8E40AE06,0,1,1,4294967295,0,0
Block,640,480,08FF95CF,0,1,1,4294967295,0,0
Block,672,480,BFB86020,0,1,1,4294967295,0,0
Block,608,480,6CC2A7EB,0,1,1,4294967295,0,0
Block,512,352,DBCAD116,0,1,1,4294967295,0,0
Block,576,416,DE066E88,0,1,1,4294967295,0,0
Block,576,448,88B396D9,0,1,1,4294967295,0,0
Block,576,480,232BD721,0,1,1,4294967295,0,0
Block,672,512,81F95A15,0,1,1,4294967295,0,0
Block,672,544,E825C832,0,1,1,4294967295,0,0
Block,672,576,68D67DC9,0,1,1,4294967295,0,0
Block,576,512,D2C19175,0,1,1,4294967295,0,0
Block,576,544,7C960191,0,1,1,4294967295,0,0
Block,576,576,7A37D30E,0,1,1,4294967295,0,0
Block,608,512,5614F0B8,0,1,1,4294967295,0,0
Block,608,544,59B0DB36,0,1,1,4294967295,0,0
Block,608,576,E203B515,0,1,1,4294967295,0,0
Block,640,512,8BF9B396,0,1,1,4294967295,0,0
Block,640,544,1412A620,0,1,1,4294967295,0,0
Block,640,576,D9664F48,0,1,1,4294967295,0,0
Block,416,480,7A45DA0C,0,1,1,4294967295,0,0
Block,416,512,234E2285,0,1,1,4294967295,0,0
Block,416,544,5B5ACAD7,0,1,1,4294967295,0,0
Block,416,576,D5994E33,0,1,1,4294967295,0,0
Block,384,416,11527390,0,1,1,4294967295,0,0
Block,384,384,C0A5397F,0,1,1,4294967295,0,0
Block,384,352,E89175FE,0,1,1,4294967295,0,0
Block,384,320,829876D3,0,1,1,4294967295,0,0
Block,384,288,43A0ACA1,0,1,1,4294967295,0,0
Block,384,256,E03690BD,0,1,1,4294967295,0,0
Block,448,256,CD0D66AB,0,1,1,4294967295,0,0
Block,384,224,92AECDFB,0,1,1,4294967295,0,0
Block,384,192,0098155D,0,1,1,4294967295,0,0
Block,384,160,C051EB91,0,1,1,4294967295,0,0
Block,480,160,591F9930,0,1,1,4294967295,0,0
Block,384,128,7D5008AC,0,1,1,4294967295,0,0
Block,416,128,DD3B6957,0,1,1,4294967295,0,0
Block,384,96,21581A76,0,1,1,4294967295,0,0
Block,480,0,ADC5AB92,0,1,1,4294967295,0,0
Block,448,0,83646DAD,0,1,1,4294967295,0,0
Block,480,32,1A2A6D5B,0,1,1,4294967295,0,0
Block,352,96,66B6DF3E,0,1,1,4294967295,0,0
Block,320,0,D928EE9D,0,1,1,4294967295,0,0
Block,224,0,27828E4C,0,1,1,4294967295,0,0
Block,224,32,BD4D3F2B,0,1,1,4294967295,0,0
Block,224,64,31C6C930,0,1,1,4294967295,0,0
Block,224,96,957B9EED,0,1,1,4294967295,0,0
Block,256,128,E18EE61B,0,1,1,4294967295,0,0
Block,352,128,61D417E0,0,1,1,4294967295,0,0
Block,224,128,6AD1D87D,0,1,1,4294967295,0,0
Block,320,160,C4A63EE5,0,1,1,4294967295,0,0
Block,352,160,518718B8,0,1,1,4294967295,0,0
Block,192,128,D1612574,0,1,1,4294967295,0,0
Block,160,128,F51F052E,0,1,1,4294967295,0,0
Block,320,192,064BC913,0,1,1,4294967295,0,0
Block,320,224,9DB7D252,0,1,1,4294967295,0,0
Block,192,224,F6345663,0,1,1,4294967295,0,0
Block,128,128,CE3EA4B4,0,1,1,4294967295,0,0
Block,128,160,3216EB3A,0,1,1,4294967295,0,0
Block,128,192,2DF6FD95,0,1,1,4294967295,0,0
Block,128,224,6B5208E6,0,1,1,4294967295,0,0
Block,128,256,1389C90B,0,1,1,4294967295,0,0
Block,128,288,89AA27B9,0,1,1,4294967295,0,0
Block,128,320,2972FD1C,0,1,1,4294967295,0,0
Block,160,320,554CD32D,0,1,1,4294967295,0,0
Block,192,320,C7732C7F,0,1,1,4294967295,0,0
Block,352,352,5DF1B837,0,1,1,4294967295,0,0
Block,192,352,56C6FE44,0,1,1,4294967295,0,0
Block,192,384,AEAD68BE,0,1,1,4294967295,0,0
Block,192,416,259E9A36,0,1,1,4294967295,0,0
Block,320,352,470B7E2D,0,1,1,4294967295,0,0
Block,320,384,6B494E0E,0,1,1,4294967295,0,0
Block,320,416,82251B2D,0,1,1,4294967295,0,0
Block,192,448,9E2BCA0B,0,1,1,4294967295,0,0
Block,192,480,0E8A53AF,0,1,1,4294967295,0,0
Block,320,448,639581CD,0,1,1,4294967295,0,0
Block,320,480,9D35C85C,0,1,1,4294967295,0,0
Block,320,320,AE3AC6DC,0,1,1,4294967295,0,0
Block,0,32,8C04ADA7,0,1,1,4294967295,0,0
Block,0,64,819A9AF6,0,1,1,4294967295,0,0
Block,0,96,17161F37,0,1,1,4294967295,0,0
Block,0,128,549165C9,0,1,1,4294967295,0,0
Block,32,0,7AA8DE2E,0,1,1,4294967295,0,0
Block,64,0,23A14EF0,0,1,1,4294967295,0,0
Block,96,0,8875E72C,0,1,1,4294967295,0,0
Block,128,0,A9E2DF38,0,1,1,4294967295,0,0
Block,128,32,232FE297,0,1,1,4294967295,0,0
Block,128,64,C4FC7D1E,0,1,1,4294967295,0,0
Block,128,96,EEBF69EA,0,1,1,4294967295,0,0
Block,0,160,FFACA019,0,1,1,4294967295,0,0
Block,0,192,435958D4,0,1,1,4294967295,0,0
Block,0,224,7C059BD1,0,1,1,4294967295,0,0
Block,64,128,F7E8CC88,0,1,1,4294967295,0,0
Block,96,128,556CC455,0,1,1,4294967295,0,0
Block,32,32,E02243E7,0,1,1,4294967295,0,0
Block,32,64,983F7C64,0,1,1,4294967295,0,0
Block,32,96,EE85543B,0,1,1,4294967295,0,0
Block,64,96,CD0275DA,0,1,1,4294967295,0,0
Block,96,96,67EB1913,0,1,1,4294967295,0,0
Block,96,32,8990C6A4,0,1,1,4294967295,0,0
Block,64,64,5F320AAB,0,1,1,4294967295,0,0
Block,96,64,A0DB3BD7,0,1,1,4294967295,0,0
Block,64,32,E87094CC,0,1,1,4294967295,0,0
WallJumpR,480,160,8BC7A324,0,1,1,4294967295,0,0
WallJumpR,576,480,7E5BD112,0,1,1,4294967295,0,0
WallJumpR,576,448,EF36EBA2,0,1,1,4294967295,0,0
WallJumpR,320,480,6602082A,0,1,1,4294967295,0,0
WallJumpL,192,480,AA51AE91,0,1,1,4294967295,0,0
MusicPlayer,768,32,003C2ED2,0,1,1,4294967295,0,1
Skinner,736,0,56DFD954,0,1,1,4294967295,0,1
SaveBook,704,104,17C1EF80,0,1,1,4294967295,0,0
Platform,288,144,211A31E1,0,2,1,4294967295,0,0
GravFlip,736,160,0D4A5097,0,1,1,4294967295,0,0
GravNormal,736,224,FFE55F2A,0,1,1,4294967295,0,0
SaveBook,656,456,D848685B,0,1,1,4294967295,0,0
GravFlip,256,32,5DDCA9CC,0,1,1,4294967295,0,0
SaveBook,224,184,86A902E4,0,1,-1,4294967295,0,0
GravNormal,352,192,3FC51233,0,1,1,4294967295,0,0
RuleEnforcer,736,32,24E690D7,0,1,1,4294967295,0,1
FunnyText,208,168,DA44BF06,0,1,1,4294967295,0,0
PlayerStart,736,96,96BD2CE7,0,1,1,4294967295,0,0
DialogueHandlerInteract,688,88,24E6C847,0,1,1,4294967295,0,0
DialogueHandlerInteract,640,440,87351884,0,1,1,4294967295,0,0
