bHub2,672,416,0,0,32,32,0,1,1,4294967295
bHub2,320,512,0,0,32,32,0,1,1,4294967295
bHub2,320,544,0,0,32,32,0,1,1,4294967295
bHub2,736,480,0,0,32,32,0,1,1,4294967295
bHub2,608,96,0,0,32,32,0,1,1,4294967295
bHub2,608,128,0,0,32,32,0,1,1,4294967295
bHub2,608,160,0,0,32,32,0,1,1,4294967295
bHub2,608,192,0,0,32,32,0,1,1,4294967295
bHub2,608,224,0,0,32,32,0,1,1,4294967295
bHub2,608,256,0,0,32,32,0,1,1,4294967295
bHub2,192,352,0,0,32,32,0,1,1,4294967295
bHub2,224,352,0,0,32,32,0,1,1,4294967295
bHub2,192,320,0,0,32,32,0,1,1,4294967295
bHub2,224,320,0,0,32,32,0,1,1,4294967295
bHub2,224,288,0,0,32,32,0,1,1,4294967295
bHub2,256,32,0,0,32,32,0,1,1,4294967295
bHub2,256,64,0,0,32,32,0,1,1,4294967295
bHub2,320,32,0,0,32,32,0,1,1,4294967295
bHub2,320,64,0,0,32,32,0,1,1,4294967295
