SpikeU,64,208,72F356B4,0,1,1,4294967295,0,1
SpikeU,96,304,B58C4853,0,1,1,4294967295,0,1
SpikeU,240,224,FECCD2AD,0,1,1,4294967295,0,1
SpikeU,224,352,44260F17,0,1,1,4294967295,0,1
SpikeU,400,208,45D8CB74,0,1,1,4294967295,0,1
SpikeU,384,368,C3EA4D60,0,1,1,4294967295,0,1
SpikeU,448,400,D7ED5887,0,1,1,4294967295,0,1
SpikeU,544,336,C7769382,0,1,1,4294967295,0,1
SpikeU,640,224,DC229CC0,0,1,1,4294967295,0,1
SpikeU,720,256,99B2D587,0,1,1,4294967295,0,1
SpikeU,688,400,45EF46CD,0,1,1,4294967295,0,1
SpikeU,752,176,EFDE20FD,0,1,1,4294967295,0,1
ChaosBlock,160,224,473D89A6,0,1,1,4294967295,0,1
ChaosBlock,32,336,CCACA574,0,1,1,4294967295,0,1
ChaosBlock,144,368,F4F92241,0,1,1,4294967295,0,1
ChaosBlock,336,288,25BB0720,0,1,1,4294967295,0,1
ChaosBlock,464,288,5F928A77,0,1,1,4294967295,0,1
ChaosBlock,592,240,92A596A7,0,1,1,4294967295,0,1
ChaosBlock,704,320,6BBFD864,0,1,1,4294967295,0,1
ChaosBlock,304,384,F9A255C2,0,1,1,4294967295,0,1
ChaosBlock,512,208,5D638AC5,0,1,1,4294967295,0,1
ChaosBlock,640,352,E01CB6F9,0,1,1,4294967295,0,1
ChaosBlock,560,400,138065D1,0,1,1,4294967295,0,1
CreditsWarp,0,0,0E0C98E2,0,1,1,4294967295,0,1
TextDraw,48,464,D5AA94F8,0,1,1,4294967295,0,1
TextDraw,384,32,39F57008,0,1,1,4294967295,0,1
TextDraw,48,512,5B66432F,0,1,1,4294967295,0,1
TextDraw,48,560,153A13FB,0,1,1,4294967295,0,1
