SpikeU,128,544,7C696B8A,0,1,1,4294967295,0,0
SpikeR,128,512,5ED9DD22,0,1,1,4294967295,0,0
SpikeD,160,512,EF08C2C3,0,1,1,4294967295,0,0
SpikeL,160,544,BD5904FA,0,1,1,4294967295,0,0
MiniSpikeDown,208,512,9CBABCB1,0,1,1,4294967295,0,0
MiniSpikeRight,192,512,5F580E04,0,1,1,4294967295,0,0
MiniSpikeLeft,208,528,36076CB9,0,1,1,4294967295,0,0
MiniSpikeUp,192,528,91F10E8A,0,1,1,4294967295,0,0
Autotiler,0,0,E883BB22,0,1,1,4294967295,0,1
Block,0,32,003F7A19,0,1,17,4294967295,0,0
Block,0,576,001A25E1,0,25,1,4294967295,0,0
Block,768,32,00401B8D,0,1,17,4294967295,0,0
Block,0,0,00256BF1,0,25,1,4294967295,0,0
Block,96,512,3A584FE1,0,1,1,4294967295,0,0
Block,96,480,1BAE806D,0,1,1,4294967295,0,0
Block,96,448,057AD80B,0,1,1,4294967295,0,0
Block,96,544,A7300872,0,1,1,4294967295,0,0
Block,128,448,0F169205,0,1,1,4294967295,0,0
Block,128,416,F2E01EE2,0,1,1,4294967295,0,0
Block,128,384,4DB6F19C,0,1,1,4294967295,0,0
Block,128,352,917A9408,0,1,1,4294967295,0,0
Block,96,256,3604F1AC,0,1,1,4294967295,0,0
Block,96,352,1AA8C4A4,0,1,1,4294967295,0,0
Block,64,352,387FE941,0,1,1,4294967295,0,0
Block,64,320,CDC4711D,0,1,1,4294967295,0,0
Block,32,288,345B7BA6,0,1,1,4294967295,0,0
Block,32,320,88E9E121,0,1,1,4294967295,0,0
Block,32,352,B55B1273,0,1,1,4294967295,0,0
Block,160,448,7570F444,0,1,1,4294967295,0,0
Block,192,352,F01D7729,0,1,1,4294967295,0,0
Block,192,384,0A65BBBA,0,1,1,4294967295,0,0
Block,192,416,4AE7EC1C,0,1,1,4294967295,0,0
Block,192,448,8F307F95,0,1,1,4294967295,0,0
Block,240,464,C06928C6,0,1,1,4294967295,0,0
Block,160,128,959C6CF6,0,1,1,4294967295,0,0
Block,224,192,ABB6B7BF,0,1,1,4294967295,0,0
Block,208,224,38F7FB57,0,1,1,4294967295,0,0
Block,161,160,6B4F8BC6,0,1,1,4294967295,0,0
Block,96,224,9CA2D6E1,0,1,1,4294967295,0,0
MusicPlayer,32,32,003C2ED2,0,1,1,4294967295,0,1
Cherry,208,560,19FF70DC,0,1,1,4294967295,0,0
BulletBlock,224,544,45D5B31A,0,1,1,4294967295,0,0
SavePointHard,32,256,CE5AEF4A,0,1,1,4294967295,0,0
Crusher,176,432,EBAD260F,0,1,1,4294967295,0,0
PlayerStart,32,256,96BD2CE7,0,1,1,4294967295,0,0
