ChaosBlock,384,416,0AB14609,0,1,1,4294967295,0,0
ChaosBlock,352,416,62026B9D,0,1,1,4294967295,0,0
ChaosBlock,320,416,D0DDFA28,0,1,1,4294967295,0,0
ChaosBlock,416,416,737D120E,0,1,1,4294967295,0,0
ChaosBlock,448,416,C1D5A027,0,1,1,4294967295,0,0
ChaosBlock,448,384,04990975,0,1,1,4294967295,0,0
ChaosBlock,320,384,9115A104,0,1,1,4294967295,0,0
ChaosBlock,288,384,A7C2273A,0,1,1,4294967295,0,0
ChaosBlock,288,352,7755AEF1,0,1,1,4294967295,0,0
ChaosBlock,256,352,5B222E44,0,1,1,4294967295,0,0
ChaosBlock,480,384,5A1896F9,0,1,1,4294967295,0,0
ChaosBlock,480,352,ACC3E034,0,1,1,4294967295,0,0
ChaosBlock,512,352,25B46B25,0,1,1,4294967295,0,0
CreditsWarp,0,0,0E0C98E2,0,1,1,4294967295,0,1
TextDraw,48,464,D5AA94F8,0,1,1,4294967295,0,1
TextDraw,384,32,39F57008,0,1,1,4294967295,0,1
TextDraw,48,512,5B66432F,0,1,1,4294967295,0,1
TextDraw,48,560,153A13FB,0,1,1,4294967295,0,1
CreditsPortrait,368,224,C5613B0F,0,1,1,4294967295,0,1
CreditsPortrait,64,304,AA2226EA,0,1,1,4294967295,0,1
CreditsPortrait,736,304,8EE982A0,0,1,1,4294967295,0,1
