Warp,608,384,F9396987,0,1,1,4294967295,0,0
Autotiler,64,32,E883BB22,0,1,1,4294967295,0,1
Block,0,32,003F7A19,0,1,17,4294967295,0,0
Block,0,576,001A25E1,0,25,1,4294967295,0,0
Block,768,32,00401B8D,0,1,17,4294967295,0,0
Block,0,0,00256BF1,0,25,1,4294967295,0,0
Block,96,544,7A0F775A,0,1,1,4294967295,0,0
Block,128,544,97AAF4C5,0,1,1,4294967295,0,0
Block,160,544,21A3EF05,0,1,1,4294967295,0,0
Block,192,544,E050A6F3,0,1,1,4294967295,0,0
Block,224,544,A8F2BBC2,0,1,1,4294967295,0,0
Block,128,512,73DB63E3,0,1,1,4294967295,0,0
Block,160,512,EF4A724C,0,1,1,4294967295,0,0
Block,192,512,F951544D,0,1,1,4294967295,0,0
Block,160,480,DA54A047,0,1,1,4294967295,0,0
Block,320,544,2FF3BA4D,0,1,1,4294967295,0,0
Block,352,544,32962206,0,1,1,4294967295,0,0
Block,384,544,B8A06A4C,0,1,1,4294967295,0,0
Block,416,544,DD1CCEBD,0,1,1,4294967295,0,0
Block,448,544,A06BA12A,0,1,1,4294967295,0,0
Block,544,544,AAD96919,0,1,1,4294967295,0,0
Block,576,544,E24C00DE,0,1,1,4294967295,0,0
Block,608,544,0379A4A2,0,1,1,4294967295,0,0
Block,640,544,984CD281,0,1,1,4294967295,0,0
Block,672,544,106B8D8D,0,1,1,4294967295,0,0
Block,352,512,E21BDDB6,0,1,1,4294967295,0,0
Block,384,512,D12E9D9D,0,1,1,4294967295,0,0
Block,416,512,7F0E0B60,0,1,1,4294967295,0,0
Block,384,480,DF996201,0,1,1,4294967295,0,0
Block,576,512,D179F2D6,0,1,1,4294967295,0,0
Block,608,512,A629A0B2,0,1,1,4294967295,0,0
Block,640,512,BFA09912,0,1,1,4294967295,0,0
Block,608,480,924232E6,0,1,1,4294967295,0,0
MusicPlayer,32,32,003C2ED2,0,1,1,4294967295,0,1
Skinner,32,64,90C79006,0,1,1,4294967295,0,1
Item2,384,384,6428E7CF,0,1,1,4294967295,0,0
AutoSaver,64,544,0C6F2A5C,0,1,1,4294967295,0,0
CrusherStatue,160,384,8DE465B6,0,1,1,4294967295,0,0
ItemBlockItem2,576,384,E4D755A3,0,1,1,4294967295,0,0
ItemBlockItem2,576,352,B02EC012,0,1,1,4294967295,0,0
ItemBlockItem2,608,352,65C629C3,0,1,1,4294967295,0,0
ItemBlockItem2,640,352,E26DA4E6,0,1,1,4294967295,0,0
ItemBlockItem2,640,384,29B964B9,0,1,1,4294967295,0,0
ItemBlockItem2,640,416,B9B1E053,0,1,1,4294967295,0,0
ItemBlockItem2,608,416,BE85F752,0,1,1,4294967295,0,0
ItemBlockItem2,576,416,F54BA9E9,0,1,1,4294967295,0,0
PlayerStart,64,544,96BD2CE7,0,1,1,4294967295,0,0
