tileChaos,128,128,0,0,32,32,0,1,1,4294967295
tileChaos,128,160,0,0,32,32,0,1,1,4294967295
tileChaos,96,160,0,0,32,32,0,1,1,4294967295
tileChaos,64,160,0,0,32,32,0,1,1,4294967295
tileChaos,32,160,0,0,32,32,0,1,1,4294967295
tileChaos,0,160,0,0,32,32,0,1,1,4294967295
tileChaos,0,128,0,0,32,32,0,1,1,4294967295
tileChaos,0,96,0,0,32,32,0,1,1,4294967295
tileChaos,0,64,0,0,32,32,0,1,1,4294967295
tileChaos,0,32,0,0,32,32,0,1,1,4294967295
tileChaos,0,0,0,0,32,32,0,1,1,4294967295
tileChaos,32,0,0,0,32,32,0,1,1,4294967295
tileChaos,64,0,0,0,32,32,0,1,1,4294967295
tileChaos,96,0,0,0,32,32,0,1,1,4294967295
tileChaos,128,0,0,0,32,32,0,1,1,4294967295
