SpikeR,160,0,5ED9DD22,0,1,1,4294967295,0,0
SpikeU,128,96,3843C10E,0,1,1,4294967295,0,0
Warp,704,512,8EC93197,0,1,1,4294967295,0,1
Block,0,128,5511BE86,0,1,1,4294967295,0,0
Block,32,160,60DACA47,0,1,1,4294967295,0,0
Block,64,160,145F4871,0,1,1,4294967295,0,0
Block,96,160,F8308D16,0,1,1,4294967295,0,0
Block,0,96,E66AECDF,0,1,1,4294967295,0,0
Block,0,64,69E090EB,0,1,1,4294967295,0,0
Block,0,32,25E66988,0,1,1,4294967295,0,0
Block,0,0,C5C3FE8C,0,1,1,4294967295,0,0
Block,128,160,A9403606,0,1,1,4294967295,0,0
Block,0,160,52B07890,0,1,1,4294967295,0,0
Block,32,0,CA1D36D4,0,1,1,4294967295,0,0
Block,64,0,CCD0BB6F,0,1,1,4294967295,0,0
Block,96,0,A1CDA791,0,1,1,4294967295,0,0
Block,128,0,1306E465,0,1,1,4294967295,0,0
Block,128,128,BE9B842C,0,1,1,4294967295,0,0
MusicPlayer,64,512,003C2ED2,0,1,1,4294967295,0,1
SavePointHard,96,128,CE5AEF4A,0,1,1,4294967295,0,0
Skinner,32,208,F7AD5B30,0,1,1,4294967295,0,1
SafeZone,32,32,32CBA9D9,0,4,4,4294967295,0,0
ChaosEnforcer,32,288,9BF71406,0,1,1,4294967295,0,1
CoinBlock,704,480,5CB870EA,0,1,1,4294967295,0,1
CoinBlock,672,512,C9EEB54A,0,1,1,4294967295,0,1
CoinBlock,704,544,386D91E1,0,1,1,4294967295,0,1
CoinBlock,736,512,704085EE,0,1,1,4294967295,0,1
PlayerStart,32,128,96BD2CE7,0,1,1,4294967295,0,0
