BossCh,400,160,A8E3AF61,0,1,1,4294967295,0,0
ChaosBlock,384,576,1EA739D3,0,1,1,4294967295,0,0
ChaosBlock,384,544,BD6AD65C,0,1,1,4294967295,0,0
ChaosBlock,384,512,EBD4D3B0,0,1,1,4294967295,0,0
ChaosBlock,352,576,DBDDF3DB,0,1,1,4294967295,0,0
ChaosBlock,352,544,88630AF5,0,1,1,4294967295,0,0
ChaosBlock,352,512,5B804641,0,1,1,4294967295,0,0
ChaosBlock,416,512,E0743D04,0,1,1,4294967295,0,0
ChaosBlock,416,544,58795C6F,0,1,1,4294967295,0,0
ChaosBlock,416,576,AE745ED9,0,1,1,4294967295,0,0
ChaosBlock,320,512,711C01BC,0,1,1,4294967295,0,0
ChaosBlock,320,480,9D8F266B,0,1,1,4294967295,0,0
ChaosBlock,288,480,4DE66B7A,0,1,1,4294967295,0,0
ChaosBlock,288,448,F04094D8,0,1,1,4294967295,0,0
ChaosBlock,256,448,9EEFD7F6,0,1,1,4294967295,0,0
ChaosBlock,448,512,8C374A3E,0,1,1,4294967295,0,0
ChaosBlock,448,480,E04851E0,0,1,1,4294967295,0,0
ChaosBlock,480,480,F8B884C7,0,1,1,4294967295,0,0
ChaosBlock,480,448,87074E2F,0,1,1,4294967295,0,0
ChaosBlock,512,448,85681057,0,1,1,4294967295,0,0
BossHPBar,320,64,EB078DCB,0,1,1,4294967295,0,1
BossSaveCh,384,480,1A4AB076,0,1,1,4294967295,0,0
Trigger1,384,480,343C2715,0,1,1,4294967295,0,0
Triggered1,96,192,D1F09D97,0,1,1,4294967295,0,0
AutoSaver,384,480,3D9EE9E7,0,1,1,4294967295,0,1
GoldenDiamond,384,352,ACDDCDFB,0,1,1,4294967295,0,0
ShootLeft,432,368,9D2B37BD,0,1,1,4294967295,0,0
PlayerStart,384,480,96BD2CE7,0,1,1,4294967295,0,0
DialogueHandlerTriggered,96,192,3B6AB7C3,0,1,1,4294967295,0,1
