tileChaos,560,560,0,0,32,32,0,1,1,4294967295
tileChaos,560,528,0,0,32,32,0,1,1,4294967295
tileChaos,592,528,0,0,32,32,0,1,1,4294967295
tileChaos,592,560,0,0,32,32,0,1,1,4294967295
tileChaos,624,560,0,0,32,32,0,1,1,4294967295
tileChaos,624,528,0,0,32,32,0,1,1,4294967295
tileChaos,656,528,0,0,32,32,0,1,1,4294967295
tileChaos,656,560,0,0,32,32,0,1,1,4294967295
tileChaos,688,528,0,0,32,32,0,1,1,4294967295
tileChaos,688,560,0,0,32,32,0,1,1,4294967295
tileChaos,720,560,0,0,32,32,0,1,1,4294967295
tileChaos,720,528,0,0,32,32,0,1,1,4294967295
tileChaos,720,496,0,0,32,32,0,1,1,4294967295
tileChaos,720,464,0,0,32,32,0,1,1,4294967295
tileChaos,720,432,0,0,32,32,0,1,1,4294967295
tileChaos,720,400,0,0,32,32,0,1,1,4294967295
tileChaos,720,368,0,0,32,32,0,1,1,4294967295
tileChaos,720,336,0,0,32,32,0,1,1,4294967295
tileChaos,688,496,0,0,32,32,0,1,1,4294967295
tileChaos,688,464,0,0,32,32,0,1,1,4294967295
tileChaos,688,432,0,0,32,32,0,1,1,4294967295
tileChaos,688,400,0,0,32,32,0,1,1,4294967295
tileChaos,688,368,0,0,32,32,0,1,1,4294967295
tileChaos,688,336,0,0,32,32,0,1,1,4294967295
tileChaos,688,304,0,0,32,32,0,1,1,4294967295
tileChaos,688,272,0,0,32,32,0,1,1,4294967295
tileChaos,688,112,0,0,32,32,0,1,1,4294967295
tileChaos,720,304,0,0,32,32,0,1,1,4294967295
tileChaos,720,272,0,0,32,32,0,1,1,4294967295
tileChaos,688,240,0,0,32,32,0,1,1,4294967295
tileChaos,720,240,0,0,32,32,0,1,1,4294967295
tileChaos,560,16,0,0,32,32,0,1,1,4294967295
tileChaos,592,16,0,0,32,32,0,1,1,4294967295
tileChaos,592,48,0,0,32,32,0,1,1,4294967295
tileChaos,560,48,0,0,32,32,0,1,1,4294967295
tileChaos,624,16,0,0,32,32,0,1,1,4294967295
tileChaos,656,16,0,0,32,32,0,1,1,4294967295
tileChaos,688,16,0,0,32,32,0,1,1,4294967295
tileChaos,720,16,0,0,32,32,0,1,1,4294967295
tileChaos,720,48,0,0,32,32,0,1,1,4294967295
tileChaos,720,80,0,0,32,32,0,1,1,4294967295
tileChaos,720,112,0,0,32,32,0,1,1,4294967295
tileChaos,624,48,0,0,32,32,0,1,1,4294967295
tileChaos,656,48,0,0,32,32,0,1,1,4294967295
tileChaos,688,48,0,0,32,32,0,1,1,4294967295
tileChaos,688,80,0,0,32,32,0,1,1,4294967295
tileChaos,688,144,0,0,32,32,0,1,1,4294967295
tileChaos,688,176,0,0,32,32,0,1,1,4294967295
tileChaos,688,208,0,0,32,32,0,1,1,4294967295
tileChaos,720,144,0,0,32,32,0,1,1,4294967295
tileChaos,720,176,0,0,32,32,0,1,1,4294967295
tileChaos,720,208,0,0,32,32,0,1,1,4294967295
tileChaos,560,144,0,0,32,32,0,2,2,4294967295
tileChaos,560,272,0,0,32,32,0,2,2,4294967295
tileChaos,560,400,0,0,32,32,0,2,2,4294967295
tileChaos,48,528,0,0,32,32,0,1,1,4294967295
tileChaos,48,560,0,0,32,32,0,1,1,4294967295
tileChaos,80,560,0,0,32,32,0,1,1,4294967295
tileChaos,80,528,0,0,32,32,0,1,1,4294967295
tileChaos,80,496,0,0,32,32,0,1,1,4294967295
tileChaos,80,464,0,0,32,32,0,1,1,4294967295
tileChaos,80,432,0,0,32,32,0,1,1,4294967295
tileChaos,80,400,0,0,32,32,0,1,1,4294967295
tileChaos,80,368,0,0,32,32,0,1,1,4294967295
tileChaos,80,336,0,0,32,32,0,1,1,4294967295
tileChaos,48,496,0,0,32,32,0,1,1,4294967295
tileChaos,48,464,0,0,32,32,0,1,1,4294967295
tileChaos,48,432,0,0,32,32,0,1,1,4294967295
tileChaos,48,400,0,0,32,32,0,1,1,4294967295
tileChaos,48,368,0,0,32,32,0,1,1,4294967295
tileChaos,48,336,0,0,32,32,0,1,1,4294967295
tileChaos,48,304,0,0,32,32,0,1,1,4294967295
tileChaos,48,272,0,0,32,32,0,1,1,4294967295
tileChaos,48,112,0,0,32,32,0,1,1,4294967295
tileChaos,80,304,0,0,32,32,0,1,1,4294967295
tileChaos,80,272,0,0,32,32,0,1,1,4294967295
tileChaos,48,240,0,0,32,32,0,1,1,4294967295
tileChaos,80,240,0,0,32,32,0,1,1,4294967295
tileChaos,48,16,0,0,32,32,0,1,1,4294967295
tileChaos,80,16,0,0,32,32,0,1,1,4294967295
tileChaos,80,48,0,0,32,32,0,1,1,4294967295
tileChaos,80,80,0,0,32,32,0,1,1,4294967295
tileChaos,80,112,0,0,32,32,0,1,1,4294967295
tileChaos,48,48,0,0,32,32,0,1,1,4294967295
tileChaos,48,80,0,0,32,32,0,1,1,4294967295
tileChaos,48,144,0,0,32,32,0,1,1,4294967295
tileChaos,48,176,0,0,32,32,0,1,1,4294967295
tileChaos,48,208,0,0,32,32,0,1,1,4294967295
tileChaos,80,144,0,0,32,32,0,1,1,4294967295
tileChaos,80,176,0,0,32,32,0,1,1,4294967295
tileChaos,80,208,0,0,32,32,0,1,1,4294967295
tileChaos,112,16,0,0,32,32,0,1,1,4294967295
tileChaos,144,16,0,0,32,32,0,1,1,4294967295
tileChaos,176,16,0,0,32,32,0,1,1,4294967295
tileChaos,208,16,0,0,32,32,0,1,1,4294967295
tileChaos,240,16,0,0,32,32,0,1,1,4294967295
tileChaos,272,16,0,0,32,32,0,1,1,4294967295
tileChaos,304,16,0,0,32,32,0,1,1,4294967295
tileChaos,336,16,0,0,32,32,0,1,1,4294967295
tileChaos,368,16,0,0,32,32,0,1,1,4294967295
tileChaos,400,16,0,0,32,32,0,1,1,4294967295
tileChaos,432,16,0,0,32,32,0,1,1,4294967295
tileChaos,464,16,0,0,32,32,0,1,1,4294967295
tileChaos,496,16,0,0,32,32,0,1,1,4294967295
tileChaos,528,16,0,0,32,32,0,1,1,4294967295
tileChaos,528,48,0,0,32,32,0,1,1,4294967295
tileChaos,496,48,0,0,32,32,0,1,1,4294967295
tileChaos,464,48,0,0,32,32,0,1,1,4294967295
tileChaos,432,48,0,0,32,32,0,1,1,4294967295
tileChaos,400,48,0,0,32,32,0,1,1,4294967295
tileChaos,368,48,0,0,32,32,0,1,1,4294967295
tileChaos,336,48,0,0,32,32,0,1,1,4294967295
tileChaos,304,48,0,0,32,32,0,1,1,4294967295
tileChaos,272,48,0,0,32,32,0,1,1,4294967295
tileChaos,240,48,0,0,32,32,0,1,1,4294967295
tileChaos,208,48,0,0,32,32,0,1,1,4294967295
tileChaos,176,48,0,0,32,32,0,1,1,4294967295
tileChaos,112,48,0,0,32,32,0,1,1,4294967295
tileChaos,144,48,0,0,32,32,0,1,1,4294967295
tileChaos,528,528,0,0,32,32,0,1,1,4294967295
tileChaos,496,528,0,0,32,32,0,1,1,4294967295
tileChaos,464,528,0,0,32,32,0,1,1,4294967295
tileChaos,432,528,0,0,32,32,0,1,1,4294967295
tileChaos,400,528,0,0,32,32,0,1,1,4294967295
tileChaos,368,528,0,0,32,32,0,1,1,4294967295
tileChaos,336,528,0,0,32,32,0,1,1,4294967295
tileChaos,304,528,0,0,32,32,0,1,1,4294967295
tileChaos,272,528,0,0,32,32,0,1,1,4294967295
tileChaos,240,528,0,0,32,32,0,1,1,4294967295
tileChaos,208,528,0,0,32,32,0,1,1,4294967295
tileChaos,176,528,0,0,32,32,0,1,1,4294967295
tileChaos,144,528,0,0,32,32,0,1,1,4294967295
tileChaos,112,528,0,0,32,32,0,1,1,4294967295
tileChaos,112,560,0,0,32,32,0,1,1,4294967295
tileChaos,144,560,0,0,32,32,0,1,1,4294967295
tileChaos,176,560,0,0,32,32,0,1,1,4294967295
tileChaos,208,560,0,0,32,32,0,1,1,4294967295
tileChaos,240,560,0,0,32,32,0,1,1,4294967295
tileChaos,272,560,0,0,32,32,0,1,1,4294967295
tileChaos,304,560,0,0,32,32,0,1,1,4294967295
tileChaos,336,560,0,0,32,32,0,1,1,4294967295
tileChaos,368,560,0,0,32,32,0,1,1,4294967295
tileChaos,400,560,0,0,32,32,0,1,1,4294967295
tileChaos,432,560,0,0,32,32,0,1,1,4294967295
tileChaos,464,560,0,0,32,32,0,1,1,4294967295
tileChaos,496,560,0,0,32,32,0,1,1,4294967295
tileChaos,528,560,0,0,32,32,0,1,1,4294967295
tileChaos,176,144,0,0,32,32,0,2,2,4294967295
tileChaos,304,144,0,0,32,32,0,2,2,4294967295
tileChaos,432,144,0,0,32,32,0,2,2,4294967295
tileChaos,432,272,0,0,32,32,0,2,2,4294967295
tileChaos,432,400,0,0,32,32,0,2,2,4294967295
tileChaos,304,272,0,0,32,32,0,2,2,4294967295
tileChaos,304,400,0,0,32,32,0,2,2,4294967295
tileChaos,176,272,0,0,32,32,0,2,2,4294967295
tileChaos,176,400,0,0,32,32,0,2,2,4294967295
