SpikeU,640,544,7C696B8A,0,1,1,4294967295,0,0
SpikeR,480,512,5ED9DD22,0,1,1,4294967295,0,0
SpikeD,448,512,EF08C2C3,0,1,1,4294967295,0,0
SpikeL,448,544,BD5904FA,0,1,1,4294967295,0,0
SpikeU,736,448,1527CE9B,0,1,1,4294967295,0,0
SpikeU,672,512,BC58B5D4,0,1,1,4294967295,0,0
SpikeD,576,448,0815A098,0,1,1,4294967295,0,0
SpikeR,608,416,72FC6F47,0,1,1,4294967295,0,0
SpikeU,672,416,542E187D,0,1,1,4294967295,0,0
SpikeU,672,320,04F10AA6,0,1,1,4294967295,0,0
SpikeU,672,224,990CD92F,0,1,1,4294967295,0,0
SpikeL,736,320,392DD51B,0,1,1,4294967295,0,0
SpikeU,576,288,6B5ACEC3,0,1,1,4294967295,0,0
SpikeD,608,32,368CCE39,0,1,1,4294967295,0,0
SpikeU,512,160,F6BE968E,0,1,1,4294967295,0,0
SpikeL,736,160,9B9393D4,0,1,1,4294967295,0,0
SpikeU,544,288,EAE4FF98,0,1,1,4294967295,0,0
SpikeD,688,112,D4D41CD7,0,1,1,4294967295,0,0
SpikeU,688,80,32D4E65D,0,1,1,4294967295,0,0
Autotiler,64,32,E883BB22,0,1,1,4294967295,0,1
Block,0,32,003F7A19,0,1,17,4294967295,0,0
Block,0,576,001A25E1,0,25,1,4294967295,0,0
Block,768,32,00401B8D,0,1,17,4294967295,0,0
Block,0,0,00256BF1,0,25,1,4294967295,0,0
Block,64,416,12AC2E65,0,1,1,4294967295,0,0
Block,96,416,B8F0B260,0,1,1,4294967295,0,0
Block,128,416,1F205A6A,0,1,1,4294967295,0,0
Block,160,416,12AE9411,0,1,1,4294967295,0,0
Block,192,384,EF8FA52D,0,1,1,4294967295,0,0
Block,192,320,4CD0C499,0,1,1,4294967295,0,0
Block,416,192,7E8A350E,0,1,1,4294967295,0,0
Block,448,192,C8C2B77F,0,1,1,4294967295,0,0
Block,96,448,2B80E314,0,1,1,4294967295,0,0
Block,96,480,CB275DC2,0,1,1,4294967295,0,0
Block,320,320,5ACE04D7,0,1,1,4294967295,0,0
ConveyorLeft,224,384,647ED75E,0,1,1,4294967295,0,0
ConveyorRight,128,320,F8108DAA,0,1,1,4294967295,0,1
Block,96,320,30BB907F,0,1,1,4294967295,0,0
Block,64,320,A2D24024,0,1,1,4294967295,0,0
Block,672,544,38B9668A,0,1,1,4294967295,0,0
Block,736,480,2B6B3202,0,1,1,4294967295,0,0
Block,672,448,9BE3AC5F,0,1,1,4294967295,0,0
Block,608,512,31023A71,0,1,1,4294967295,0,0
Block,608,544,21B5801D,0,1,1,4294967295,0,0
ConveyorRight,608,480,ADEF0A9F,0,1,1,4294967295,0,0
Block,576,416,8CBE9468,0,1,1,4294967295,0,0
ConveyorLeft,736,384,1972B15E,0,1,1,4294967295,0,0
Block,576,384,5849FD90,0,1,1,4294967295,0,0
Block,576,352,BFF3ACC6,0,1,1,4294967295,0,0
Block,672,352,B68B5691,0,1,1,4294967295,0,0
Block,672,256,E46D8736,0,1,1,4294967295,0,0
Block,512,256,B26BE867,0,1,1,4294967295,0,0
Block,512,224,9BED4B29,0,1,1,4294967295,0,0
Block,512,192,84AD3479,0,1,1,4294967295,0,0
Block,640,160,9BD17EFD,0,1,1,4294967295,0,0
Block,576,96,9EC5741A,0,1,1,4294967295,0,0
Block,544,96,AAF75900,0,1,1,4294967295,0,0
Block,512,320,9F24B0A4,0,1,1,4294967295,0,0
Block,480,256,50465FF1,0,1,1,4294967295,0,0
Block,480,288,B76F8B7A,0,1,1,4294967295,0,0
Block,480,320,5D88CB5B,0,1,1,4294967295,0,0
Block,640,64,DEB313C7,0,1,1,4294967295,0,0
Block,640,96,288DA007,0,1,1,4294967295,0,0
Block,640,128,CE268E22,0,1,1,4294967295,0,0
ConveyorRight,704,192,95F32D8D,0,1,1,4294967295,0,1
Block,576,64,BAD982E4,0,1,1,4294967295,0,0
Block,576,32,A31869D8,0,1,1,4294967295,0,0
Block,480,192,039E7A07,0,1,1,4294967295,0,0
Block,544,32,92A32A77,0,1,1,4294967295,0,0
Block,480,224,DD89995F,0,1,1,4294967295,0,0
Block,736,192,E4B03D3B,0,1,1,4294967295,0,0
ConveyorLeft,288,128,234A01A9,0,1,1,4294967295,0,1
ConveyorLeft,352,96,786C9283,0,1,1,4294967295,0,1
Block,192,416,1A4B62DF,0,1,1,4294967295,0,0
ConveyorLeft,224,160,BCDCD5F4,0,1,1,4294967295,0,1
ConveyorLeft,160,192,9F18F2F2,0,1,1,4294967295,0,1
Block,160,320,8D08E3B8,0,1,1,4294967295,0,0
ConveyorLeft,576,320,66B867DB,0,1,1,4294967295,0,0
ConveyorLeft,608,320,D5DE5B9B,0,1,1,4294967295,0,0
ConveyorLeft,544,320,0730B606,0,1,1,4294967295,0,0
Block,512,96,C4B7DA6E,0,1,1,4294967295,0,0
Block,512,64,42CE38AE,0,1,1,4294967295,0,0
Block,512,32,D4E4D095,0,1,1,4294967295,0,0
Block,736,32,35E51919,0,1,1,4294967295,0,0
Block,736,64,09E80105,0,1,1,4294967295,0,0
Block,736,96,66275044,0,1,1,4294967295,0,0
Block,736,128,45799E01,0,1,1,4294967295,0,0
MusicPlayer,32,32,003C2ED2,0,1,1,4294967295,0,1
SaveBook,736,544,D5F39610,0,1,1,4294967295,0,0
Skinner,64,144,90C79006,0,1,1,4294967295,0,1
FlipBlock,128,448,4D1B6422,0,1,1,4294967295,0,0
SJumpBlock,32,480,53E7A794,0,1,1,4294967295,0,0
SpikeBlock,192,480,FBFFF588,0,1,1,4294967295,0,0
PushBlock,224,32,D2E1C846,0,1,1,4294967295,0,0
PushBlock,288,32,8627281A,0,1,1,4294967295,0,0
PushBlock,640,32,9D811394,0,1,1,4294967295,0,0
SaveBook,480,160,74F32DDF,0,1,1,4294967295,0,0
PushBlock,352,32,30762FC7,0,1,1,4294967295,0,0
PushBlock,160,32,63180A81,0,1,1,4294967295,0,0
SJumpBlock,544,64,246917FE,0,1,1,4294967295,0,0
PlayerStart,736,544,96BD2CE7,0,1,1,4294967295,0,0
