Warp,192,128,51CC6A62,0,1,1,4294967295,0,1
Autotiler,192,96,E883BB22,0,1,1,4294967295,0,1
Block,160,448,6CC5B30E,0,16,1,4294967295,0,0
Block,256,224,3FA68A50,0,1,1,4294967295,0,0
Block,224,192,95C44E76,0,2,1,4294967295,0,0
Block,160,128,732C5347,0,1,10,4294967295,0,0
Block,160,96,3A423E5F,0,3,1,4294967295,0,0
Block,224,128,75EE6640,0,1,1,4294967295,0,0
Block,224,160,964B6D0D,0,14,1,4294967295,0,0
Block,320,256,25682B35,0,2,6,4294967295,0,0
Block,320,192,ADD281CF,0,11,1,4294967295,0,0
Block,416,256,E607C5E0,0,1,6,4294967295,0,0
Block,480,224,3E8B7A1A,0,1,6,4294967295,0,0
Block,640,224,A7DE2EEC,0,1,7,4294967295,0,0
Block,0,0,9D107CCF,0,25,3,4294967295,0,0
Block,0,480,E53FE512,0,25,4,4294967295,0,0
Block,0,96,D8C1053C,0,5,12,4294967295,0,0
Block,256,96,674F30F0,0,17,2,4294967295,0,0
Block,672,160,D72DDD01,0,4,10,4294967295,0,0
MusicPlayer,160,96,003C2ED2,0,1,1,4294967295,0,1
SaveBook,224,416,D5F39610,0,1,1,4294967295,0,0
Skinner,160,128,90C79006,0,1,1,4294967295,0,1
SJumpBlock,224,288,53E7A794,0,1,1,4294967295,0,0
PushBlock,352,224,D2E1C846,0,1,1,4294967295,0,0
FlipBlock,544,320,0F30DB77,0,1,1,4294967295,0,0
SpikeBlock,256,416,55158CAF,0,1,1,4294967295,0,0
SpikeBlock,576,256,BEDF1493,0,1,1,4294967295,0,0
PlayerStart,192,416,96BD2CE7,0,1,1,4294967295,0,0
