SpikeU,128,512,2E9C2A4C,0,1,1,4294967295,0,0
SpikeU,160,544,288ECE30,0,1,1,4294967295,0,0
SpikeU,192,544,DAF08CDB,0,1,1,4294967295,0,0
SpikeD,288,480,B8912437,0,1,1,4294967295,0,0
TrapNaive,624,512,83E6148D,0,1,1,4294967295,0,0
SpikeU,320,544,BAF406EE,0,1,1,4294967295,0,0
SpikeU,384,512,5FE91038,0,1,1,4294967295,0,0
SpikeU,352,544,CEBAEE32,0,1,1,4294967295,0,0
SpikeR,352,448,9AA4CA2A,0,1,1,4294967295,0,0
SpikeL,448,480,456BF541,0,1,1,4294967295,0,0
SpikeU,416,512,23CB67E8,0,1,1,4294967295,0,0
SpikeU,480,448,D11466DC,0,1,1,4294967295,0,0
SpikeR,512,384,AF6729CA,0,1,1,4294967295,0,0
SpikeU,576,480,88E26D60,0,1,1,4294967295,0,0
SpikeU,608,480,89062FD9,0,1,1,4294967295,0,0
SpikeU,640,480,DE1FED13,0,1,1,4294967295,0,0
SpikeL,384,384,5D835230,0,1,1,4294967295,0,0
SpikeD,288,480,66F3757D,0,1,1,4294967295,0,0
SpikeL,288,320,81BBABE5,0,1,1,4294967295,0,0
SpikeD,576,384,7635FD33,0,1,1,4294967295,0,0
SpikeD,608,384,18154984,0,1,1,4294967295,0,0
SpikeD,640,384,3973AD57,0,1,1,4294967295,0,0
Warp,560,112,F6836E57,0,2,2,4294967295,0,0
ConveyorRight,320,416,70E3E9B7,0,1,1,4294967295,0,0
ChaosBlock,0,0,B84A03B4,0,1,1,4294967295,0,0
ChaosBlock,32,0,8B24C797,0,1,1,4294967295,0,0
ChaosBlock,64,0,8AE9B477,0,1,1,4294967295,0,0
ChaosBlock,96,0,AC7C0937,0,1,1,4294967295,0,0
ChaosBlock,128,0,D948EC36,0,1,1,4294967295,0,0
ChaosBlock,160,0,2DC8267E,0,1,1,4294967295,0,0
ChaosBlock,192,0,79C46919,0,1,1,4294967295,0,0
ChaosBlock,224,0,DDA23E2C,0,1,1,4294967295,0,0
ChaosBlock,256,0,AF196BA1,0,1,1,4294967295,0,0
ChaosBlock,288,0,3FF6F703,0,1,1,4294967295,0,0
ChaosBlock,320,0,F4BAB0CA,0,1,1,4294967295,0,0
ChaosBlock,352,0,F4F8B07C,0,1,1,4294967295,0,0
ChaosBlock,384,0,A2A31707,0,1,1,4294967295,0,0
ChaosBlock,416,0,E4AD90B2,0,1,1,4294967295,0,0
ChaosBlock,448,0,B527FE91,0,1,1,4294967295,0,0
ChaosBlock,480,0,52C0F334,0,1,1,4294967295,0,0
ChaosBlock,512,0,386F4FD7,0,1,1,4294967295,0,0
ChaosBlock,544,0,241A6ACE,0,1,1,4294967295,0,0
ChaosBlock,576,0,4558121F,0,1,1,4294967295,0,0
ChaosBlock,608,0,ECB8DA93,0,1,1,4294967295,0,0
ChaosBlock,640,0,93F50A30,0,1,1,4294967295,0,0
ChaosBlock,672,0,3BE3FDAF,0,1,1,4294967295,0,0
ChaosBlock,704,0,476B9467,0,1,1,4294967295,0,0
ChaosBlock,736,0,CDD53BC2,0,1,1,4294967295,0,0
ChaosBlock,768,0,317308DE,0,1,1,4294967295,0,0
ChaosBlock,0,32,CA0621E4,0,1,1,4294967295,0,0
ChaosBlock,0,64,4C53D447,0,1,1,4294967295,0,0
ChaosBlock,0,96,C36A5A1E,0,1,1,4294967295,0,0
ChaosBlock,0,128,4C16B0EC,0,1,1,4294967295,0,0
ChaosBlock,0,160,14BEF012,0,1,1,4294967295,0,0
ChaosBlock,0,192,A0D3D9ED,0,1,1,4294967295,0,0
ChaosBlock,0,224,F0209BED,0,1,1,4294967295,0,0
ChaosBlock,0,256,0CD02242,0,1,1,4294967295,0,0
ChaosBlock,0,288,B270B1D5,0,1,1,4294967295,0,0
ChaosBlock,0,320,EC905246,0,1,1,4294967295,0,0
ChaosBlock,0,352,FB1D93B9,0,1,1,4294967295,0,0
ChaosBlock,0,384,92544668,0,1,1,4294967295,0,0
ChaosBlock,0,416,C149CFFE,0,1,1,4294967295,0,0
ChaosBlock,0,448,64F4D9DA,0,1,1,4294967295,0,0
ChaosBlock,0,480,D0820902,0,1,1,4294967295,0,0
ChaosBlock,0,512,0D477C33,0,1,1,4294967295,0,0
ChaosBlock,0,544,C354C235,0,1,1,4294967295,0,0
ChaosBlock,0,576,8B385E84,0,1,1,4294967295,0,0
ChaosBlock,32,576,8A002E66,0,1,1,4294967295,0,0
ChaosBlock,64,576,CD33A598,0,1,1,4294967295,0,0
ChaosBlock,96,576,8D69B909,0,1,1,4294967295,0,0
ChaosBlock,128,576,D5A3B1AE,0,1,1,4294967295,0,0
ChaosBlock,160,576,F0EA1CF3,0,1,1,4294967295,0,0
ChaosBlock,192,576,27D360FC,0,1,1,4294967295,0,0
ChaosBlock,224,576,A4878C8F,0,1,1,4294967295,0,0
ChaosBlock,256,576,42B27063,0,1,1,4294967295,0,0
ChaosBlock,288,576,73DF0EAA,0,1,1,4294967295,0,0
ChaosBlock,320,576,D16C308C,0,1,1,4294967295,0,0
ChaosBlock,352,576,164100B8,0,1,1,4294967295,0,0
ChaosBlock,384,576,7EDEE396,0,1,1,4294967295,0,0
ChaosBlock,544,576,0ABCC17F,0,1,1,4294967295,0,0
ChaosBlock,576,576,F0DA5376,0,1,1,4294967295,0,0
ChaosBlock,608,576,91BE885A,0,1,1,4294967295,0,0
ChaosBlock,640,576,8C51520F,0,1,1,4294967295,0,0
ChaosBlock,672,576,D4E57DD4,0,1,1,4294967295,0,0
ChaosBlock,704,576,85D21C76,0,1,1,4294967295,0,0
ChaosBlock,736,576,C30D8830,0,1,1,4294967295,0,0
ChaosBlock,768,576,7AAE8B58,0,1,1,4294967295,0,0
ChaosBlock,768,32,14C2A403,0,1,1,4294967295,0,0
ChaosBlock,768,64,7CE8F48A,0,1,1,4294967295,0,0
ChaosBlock,768,96,93362095,0,1,1,4294967295,0,0
ChaosBlock,768,128,23D0E536,0,1,1,4294967295,0,0
ChaosBlock,768,160,7CA99AB2,0,1,1,4294967295,0,0
ChaosBlock,768,192,08E6563C,0,1,1,4294967295,0,0
ChaosBlock,768,224,13223343,0,1,1,4294967295,0,0
ChaosBlock,768,256,A82407E1,0,1,1,4294967295,0,0
ChaosBlock,768,288,A9741916,0,1,1,4294967295,0,0
ChaosBlock,768,320,CF139EFC,0,1,1,4294967295,0,0
ChaosBlock,768,352,13832B64,0,1,1,4294967295,0,0
ChaosBlock,768,384,2477A76F,0,1,1,4294967295,0,0
ChaosBlock,768,416,A55DBF48,0,1,1,4294967295,0,0
ChaosBlock,768,448,40A401E5,0,1,1,4294967295,0,0
ChaosBlock,768,480,68A03B9C,0,1,1,4294967295,0,0
ChaosBlock,768,512,9BDD03B6,0,1,1,4294967295,0,0
ChaosBlock,768,544,47588143,0,1,1,4294967295,0,0
ChaosBlock,128,544,26B46638,0,1,1,4294967295,0,0
Skinner,64,64,748A01A5,0,1,1,4294967295,0,1
ChaosBlock,32,448,413BA818,0,1,1,4294967295,0,0
ChaosBlock,64,448,5E59B341,0,1,1,4294967295,0,0
ChaosBlock,96,448,4E2A43E7,0,1,1,4294967295,0,0
ChaosBlock,128,448,F6CC049E,0,1,1,4294967295,0,0
ChaosBlock,160,448,4B27FD74,0,1,1,4294967295,0,0
ChaosBlock,224,512,50C603E9,0,1,1,4294967295,0,0
ChaosBlock,224,544,C21AA77D,0,1,1,4294967295,0,0
ChaosBlock,192,448,8CA2EEAA,0,1,1,4294967295,0,0
ChaosBlock,224,448,1B216122,0,1,1,4294967295,0,0
ChaosBlock,256,448,98898B52,0,1,1,4294967295,0,0
ChaosBlock,288,448,183C860B,0,1,1,4294967295,0,0
Trigger1,224,480,03611648,0,1,1,4294967295,0,0
MusicPlayer,96,192,064CADF1,0,1,1,4294967295,0,1
AddTrigger,64,512,15477E78,0,1,1,4294967295,0,1
Triggered1,288,480,A8810C95,0,1,1,4294967295,0,0
TrapStop,96,480,972A95FB,0,1,1,4294967295,0,0
ChaosBlock,288,416,D7113BB0,0,1,1,4294967295,0,0
SavePointHard,96,544,93D9B8D7,0,1,1,4294967295,0,0
ChaosBlock,576,544,347E660C,0,1,1,4294967295,0,0
ChaosBlock,608,544,BB540A99,0,1,1,4294967295,0,0
AddTrigger,464,592,2A04DE50,0,1,1,4294967295,0,1
SavePointHard,560,512,C19D0EE0,0,1,1,4294967295,0,1
Trigger2,512,432,F5AAD6A4,0,1,1,4294967295,0,0
ChaosBlock,320,416,84A74212,0,1,1,4294967295,0,0
ChaosBlock,640,512,E87F6200,0,1,1,4294967295,0,0
ChaosBlock,608,512,5F5CF6D3,0,1,1,4294967295,0,0
ChaosBlock,576,512,89A7C825,0,1,1,4294967295,0,0
ChaosBlock,544,544,FBE7E2E1,0,1,1,4294967295,0,0
ChaosBlock,384,544,7ADFDF9B,0,1,1,4294967295,0,0
ChaosBlock,320,448,8DB5AA04,0,1,1,4294967295,0,0
DingBlock,320,480,BC592E18,0,1,1,4294967295,0,0
ChaosBlock,416,576,44C20077,0,1,1,4294967295,0,0
ChaosBlock,416,512,A3460051,0,1,1,4294967295,0,0
ChaosBlock,416,544,ABC9D07C,0,1,1,4294967295,0,0
ChaosBlock,480,480,3590CE6F,0,1,1,4294967295,0,0
ChaosBlock,416,416,BD974A06,0,1,1,4294967295,0,0
ChaosBlock,416,320,BD05201A,0,1,1,4294967295,0,0
ChaosBlock,448,320,43C8B18E,0,1,1,4294967295,0,0
ChaosBlock,480,352,CEF04770,0,1,1,4294967295,0,0
ChaosBlock,640,544,5C50D976,0,1,1,4294967295,0,0
ChaosBlock,672,544,3E576804,0,1,1,4294967295,0,0
Trigger3,400,480,422F4C73,0,1,1,4294967295,0,0
AddTrigger,464,544,64227DE4,0,1,1,4294967295,0,1
TrapRedirect,352,512,77472375,0,1,1,4294967295,0,1
ChaosBlock,320,352,9E1BA72D,0,1,1,4294967295,0,0
ChaosBlock,320,320,0DC48B0E,0,1,1,4294967295,0,0
ChaosBlock,352,320,91EAA102,0,1,1,4294967295,0,0
ChaosBlock,384,320,C6EF7F09,0,1,1,4294967295,0,0
ChaosBlock,416,384,C0856038,0,1,1,4294967295,0,0
FakeBlock,480,384,AB4755BE,0,1,1,4294967295,0,0
ChaosBlock,480,320,6AA241D7,0,1,1,4294967295,0,0
TrapStop,512,512,3DB23898,0,1,1,4294967295,0,0
Triggered3,416,512,E2416DF4,0,1,1,4294967295,0,0
ChaosBlock,416,448,258133E3,0,1,1,4294967295,0,0
ChaosBlock,480,512,C1691CC9,0,1,1,4294967295,0,0
TrapRedirect,608,512,940F5D1E,0,0.5,1,4294967295,0,1
Triggered2,560,512,F04BD1C0,0,1,1,4294967295,0,0
Triggered2,624,512,A30C248E,0,1,1,4294967295,0,0
TrapStop,688,512,04004062,0,1,1,4294967295,0,0
ChaosBlock,512,352,B58B635C,0,1,1,4294967295,0,0
ChaosBlock,544,352,3F26A928,0,1,1,4294967295,0,0
ChaosBlock,576,352,6C2D80E1,0,1,1,4294967295,0,0
ChaosBlock,608,352,00F8C958,0,1,1,4294967295,0,0
ChaosBlock,640,352,01F8F957,0,1,1,4294967295,0,0
ChaosBlock,256,416,6D8D7AAD,0,1,1,4294967295,0,0
ChaosBlock,224,416,4224D1BD,0,1,1,4294967295,0,0
ChaosBlock,256,352,B19D3F6E,0,1,1,4294967295,0,0
ChaosBlock,224,352,4E477641,0,1,1,4294967295,0,0
M9Block,320,384,5046CDD1,0,1,1,4294967295,0,0
M9Trigger,256,384,9BA7300A,0,1,1,4294967295,0,0
ChaosBlock,224,384,A772E0C7,0,1,1,4294967295,0,0
GravFlip,256,384,483774AA,0,1,1,4294967295,0,0
FakeBlock,288,352,C39C86F9,0,1,1,4294967295,0,0
GravNormal,416,352,EC0DE4C4,0,1,1,4294967295,0,0
ChaosBlock,704,416,BC4FAFD6,0,1,1,4294967295,0,0
ChaosBlock,736,416,A306D3C8,0,1,1,4294967295,0,0
ChaosBlock,704,544,BEE4455C,0,1,1,4294967295,0,0
ChaosBlock,736,544,055B75FF,0,1,1,4294967295,0,0
ChaosBlock,736,448,3732A4D5,0,1,1,4294967295,0,0
ChaosBlock,704,448,A15C0D6E,0,1,1,4294967295,0,0
ChaosBlock,736,480,0B3D0825,0,1,1,4294967295,0,0
ChaosBlock,736,512,F998F087,0,1,1,4294967295,0,0
SavePointHard,720,448,CB6673C2,0,1,1,4294967295,0,1
AddTrigger,608,288,B964F579,0,1,1,4294967295,0,1
TrapStop,720,352,1429E05D,0,1,1,4294967295,0,0
Triggered4,704,448,6E8EC011,0,1,1,4294967295,0,0
Trigger4,704,384,48DFE195,0,1,1,4294967295,0,0
RuleEnforcer,176,208,7C5D409F,0,1,1,4294967295,0,1
PlayerStart,32,544,F8ED6DAF,0,1,1,4294967295,0,0
