AngryWater,576,32,86E920B6,0,4,4,4294967295,0,0
AngryWater,544,224,71C6C8C1,0,1,1,4294967295,0,0
SpikeR,160,264,B1764E1C,0,1,1,4294967295,0,0
SpikeU,224,256,46575CAB,0,1,1,4294967295,0,0
SpikeL,352,416,2DFCBC64,0,1,1,4294967295,0,0
SpikeU,320,512,114AE6E2,0,1,1,4294967295,0,0
SpikeU,288,512,0AA89288,0,1,1,4294967295,0,0
SpikeL,352,448,6DDD6AC7,0,1,1,4294967295,0,0
SpikeD,224,384,69CAAE72,0,1,1,4294967295,0,0
SpikeR,352,352,970C66DB,0,1,1,4294967295,0,0
SpikeR,352,288,9043D24D,0,1,1,4294967295,0,0
SpikeR,352,160,8C270E46,0,1,1,4294967295,0,0
SpikeU,544,288,7283A1B9,0,1,1,4294967295,0,0
SpikeR,352,224,A368B078,0,1,1,4294967295,0,0
SpikeL,288,384,DCF0D98F,0,1,1,4294967295,0,0
SpikeU,512,352,9100B9BB,0,1,1,4294967295,0,1
SpikeD,512,384,820AF582,0,1,1,4294967295,0,1
SpikeD,480,512,37D675EF,0,1,1,4294967295,0,1
SpikeU,480,480,DABF6D2A,0,1,1,4294967295,0,1
SpikeD,448,544,BBF1BB4A,0,1,1,4294967295,0,0
SpikeD,544,544,7E3D8C47,0,1,1,4294967295,0,0
SpikeD,576,32,CFAE5EBC,0,1,1,4294967295,0,0
SpikeR,576,128,2D814332,0,1,1,4294967295,0,0
SpikeL,608,80,843439D4,0,1,1,4294967295,0,0
SpikeR,640,80,4A6B7AE3,0,1,1,4294967295,0,0
SpikeD,672,32,879AEBCD,0,1,1,4294967295,0,0
SpikeL,672,128,DF541C18,0,1,1,4294967295,0,0
SpikeD,544,160,9004B747,0,1,1,4294967295,0,0
SpikeD,704,160,DB854586,0,1,1,4294967295,0,0
SpikeL,288,320,AB077109,0,1,1,4294967295,0,0
SpikeL,288,256,F3CD34DC,0,1,1,4294967295,0,0
SpikeL,288,192,A0C34118,0,1,1,4294967295,0,0
Warp,704,224,A642464E,0,1,1,4294967295,0,1
Autotiler,32,0,E883BB22,0,1,1,4294967295,0,1
Block,64,224,F17752BC,0,1,1,4294967295,0,0
Block,96,224,378AFB17,0,1,1,4294967295,0,0
Block,128,224,D9506A03,0,1,1,4294967295,0,0
Block,128,256,9E7FDC8F,0,1,1,4294967295,0,0
Block,128,288,286AB686,0,1,1,4294967295,0,0
Block,128,320,EFB4D98F,0,1,1,4294967295,0,0
Block,128,352,04740FFB,0,1,1,4294967295,0,0
Block,224,352,FD1B4444,0,1,1,4294967295,0,0
Block,224,320,0569D46E,0,1,1,4294967295,0,0
Block,224,288,CDB6752B,0,1,1,4294967295,0,0
Block,320,352,AAEA738A,0,1,1,4294967295,0,0
Block,384,416,226559DE,0,1,1,4294967295,0,0
Block,384,448,70757ACB,0,1,1,4294967295,0,0
Block,320,544,B95EB9EC,0,1,1,4294967295,0,0
Block,320,576,1301EEB3,0,1,1,4294967295,0,0
Block,288,544,3414E09D,0,1,1,4294967295,0,0
Block,288,576,194C717B,0,1,1,4294967295,0,0
Block,320,320,638BA94E,0,1,1,4294967295,0,0
Block,320,288,EFC1745F,0,1,1,4294967295,0,0
Block,416,320,2D217829,0,1,1,4294967295,0,0
Block,448,320,0CAEFAD8,0,1,1,4294967295,0,0
Block,448,352,0E6D9EC0,0,1,1,4294967295,0,0
Block,448,384,DD6F905B,0,1,1,4294967295,0,0
Block,448,416,E145221A,0,1,1,4294967295,0,0
Block,448,448,5B4B7401,0,1,1,4294967295,0,0
Block,448,480,B7EC2CAD,0,1,1,4294967295,0,0
Block,448,512,012F0382,0,1,1,4294967295,0,0
Block,320,192,AEDDCA34,0,1,1,4294967295,0,0
Block,544,512,013E1E04,0,1,1,4294967295,0,0
Block,544,480,F0C64B0D,0,1,1,4294967295,0,0
Block,544,448,9893D052,0,1,1,4294967295,0,0
Block,544,416,BA51C394,0,1,1,4294967295,0,0
Block,544,384,47E6F829,0,1,1,4294967295,0,0
Block,544,352,20ACAB36,0,1,1,4294967295,0,0
Block,544,320,B9F50973,0,1,1,4294967295,0,0
Block,320,224,2A0AFB32,0,1,1,4294967295,0,0
Block,320,256,C3420F59,0,1,1,4294967295,0,0
Block,544,128,1C5C017E,0,1,1,4294967295,0,0
Block,544,96,D6C8092B,0,1,1,4294967295,0,0
Block,544,64,4EABF59C,0,1,1,4294967295,0,0
Block,544,32,829FCB41,0,1,1,4294967295,0,0
Block,544,0,D11B2B3E,0,1,1,4294967295,0,0
Block,576,0,78976215,0,1,1,4294967295,0,0
Block,672,0,CC9506EB,0,1,1,4294967295,0,0
Block,704,0,5B57FD15,0,1,1,4294967295,0,0
Block,704,32,129EC8AA,0,1,1,4294967295,0,0
Block,704,64,05EC70A8,0,1,1,4294967295,0,0
Block,704,96,E9D66076,0,1,1,4294967295,0,0
Block,704,128,684AA488,0,1,1,4294967295,0,0
WallJumpR,544,352,C2B5C2D6,0,1,1,4294967295,0,0
WallJumpR,544,384,2A69E63A,0,1,1,4294967295,0,0
WallJumpL,448,512,3923C4D5,0,1,1,4294967295,0,0
WallJumpL,448,480,C0095869,0,1,1,4294967295,0,0
WallJumpL,448,352,D6006231,0,1,1,4294967295,0,0
WallJumpL,448,384,1380F701,0,1,1,4294967295,0,0
WallJumpR,544,480,CE790751,0,1,1,4294967295,0,0
WallJumpR,544,512,1DF75C99,0,1,1,4294967295,0,0
MusicPlayer,0,32,003C2ED2,0,1,1,4294967295,0,1
Skinner,0,0,56DFD954,0,1,1,4294967295,0,1
SaveBook,144,200,17C1EF80,0,1,1,4294967295,0,0
RuleEnforcer,80,368,07ABDECD,0,1,1,4294967295,0,1
Spring,160,352,8705ECBB,0,1,1,4294967295,0,0
Platform,256,368,211A31E1,0,1,1,4294967295,0,1
AutoSaver,64,192,E092D6F9,0,1,1,4294967295,0,1
Platform,288,528,AE9200B0,0,3,1,4294967295,0,1
Spring,416,448,A571B652,0,1,1,4294967295,0,0
GravFlip,352,320,957CD9B4,0,1,1,4294967295,0,0
GravNormal,352,192,A1FE4135,0,1,1,4294967295,0,0
GravFlip,496,576,3C779C37,0,1,1,4294967295,0,0
GravNormal,608,0,DB2D1CEC,0,1,1,4294967295,0,1
PlayerStart,64,192,96BD2CE7,0,1,1,4294967295,0,0
DialogueHandlerInteract,128,184,24E6C847,0,1,1,4294967295,0,0
