AngryWater,712,176,EC0C3BC1,0,0.5,0.5,4294967295,0,0
Water2,744,176,620527C6,0,0.5,0.5,4294967295,0,0
AngryWater,448,128,9B84BD1A,0,1,1,4294967295,0,0
AngryWater,744,144,371F804E,0,0.5,0.5,4294967295,0,0
AngryWater,712,112,FAD12503,0,0.5,0.5,4294967295,0,0
Water2,712,144,952408C5,0,0.5,0.5,4294967295,0,0
Water2,744,112,E520D11A,0,0.5,0.5,4294967295,0,0
SpikeU,64,192,25C1E9D4,0,1,1,4294967295,0,0
SpikeR,544,448,4BC4322C,0,1,1,4294967295,0,0
SpikeL,480,448,1779E7B6,0,1,1,4294967295,0,0
SpikeD,512,480,B8691280,0,1,1,4294967295,0,0
SpikeU,512,416,456E73B7,0,1,1,4294967295,0,0
SpikeU,640,512,D46BB3ED,0,1,1,4294967295,0,0
SpikeD,640,448,2EFF07C3,0,1,1,4294967295,0,0
SpikeR,384,448,4CF0AFB4,0,1,1,4294967295,0,0
SpikeD,352,480,9DA030D9,0,1,1,4294967295,0,0
SpikeL,320,448,13752E61,0,1,1,4294967295,0,0
MiniSpikeLeft,352,400,7D4224EE,0,1,1,4294967295,0,0
MiniSpikeRight,368,400,8D2664DB,0,1,1,4294967295,0,0
SpikeU,128,320,87331CAA,0,1,1,4294967295,0,0
SpikeD,96,32,725EF4DD,0,1,1,4294967295,0,1
SpikeU,160,256,4613EC45,0,1,1,4294967295,0,0
SpikeL,32,224,8034B01A,0,1,1,4294967295,0,0
SpikeU,64,32,CD95B443,0,1,1,4294967295,0,0
SpikeD,64,96,94285CDD,0,1,1,4294967295,0,0
SpikeR,32,96,37E287C5,0,1,1,4294967295,0,0
SpikeD,160,32,59722691,0,1,1,4294967295,0,0
SpikeD,192,64,C05FC787,0,1,1,4294967295,0,0
SpikeR,160,192,52B38F1A,0,1,1,4294967295,0,0
SpikeU,256,256,3833F4E4,0,1,1,4294967295,0,0
SpikeU,256,352,27DA65A5,0,1,1,4294967295,0,0
SpikeU,224,352,FB84A096,0,1,1,4294967295,0,0
SpikeU,288,64,B8B4BAB4,0,1,1,4294967295,0,0
SpikeR,224,32,48DF4791,0,1,1,4294967295,0,0
SpikeU,320,256,AA522A57,0,1,1,4294967295,0,0
SpikeU,192,352,26354E4A,0,1,1,4294967295,0,0
SpikeL,256,192,1844448B,0,1,1,4294967295,0,0
SpikeL,384,32,F1EDCB4E,0,1,1,4294967295,0,0
SpikeU,544,128,F513D39E,0,1,1,4294967295,0,0
SpikeU,640,352,5B11FBD6,0,1,1,4294967295,0,0
SpikeU,672,384,3379A5EB,0,1,1,4294967295,0,0
SpikeU,736,384,35E772B4,0,1,1,4294967295,0,0
SpikeR,704,224,37407D91,0,1,1,4294967295,0,0
SpikeL,736,288,C4A3273F,0,1,1,4294967295,0,0
SpikeD,672,256,0462D9DE,0,1,1,4294967295,0,0
SpikeD,480,32,943D2670,0,1,1,4294967295,0,0
SpikeU,480,224,4A7E87BF,0,1,1,4294967295,0,0
MiniSpikeRight,512,136,197A137B,0,1,1,4294967295,0,0
MiniSpikeLeft,496,136,B3C18CB1,0,1,1,4294967295,0,0
MiniSpikeLeft,448,184,8CFBF94C,0,1,1,4294967295,0,0
MiniSpikeRight,464,184,D2B04A52,0,1,1,4294967295,0,0
MiniSpikeUp,480,160,C6F1FB10,0,1,1,4294967295,0,0
MiniSpikeUp,488,144,B7C18D54,0,1,1,4294967295,0,0
MiniSpikeDown,488,160,69E82B17,0,1,1,4294967295,0,0
MiniSpikeDown,480,176,FB44D27D,0,1,1,4294967295,0,0
SpikeR,608,96,B10EFFD1,0,1,1,4294967295,0,0
SpikeL,608,192,D5B1EEB5,0,1,1,4294967295,0,0
MiniSpikeDown,608,32,5DC55047,0,1,1,4294967295,0,0
MiniSpikeDown,624,32,8099CE7F,0,1,1,4294967295,0,0
MiniSpikeUp,728,80,AB475BCF,0,1,1,4294967295,0,0
MiniSpikeDown,728,96,C8C7F4DA,0,1,1,4294967295,0,0
MiniSpikeDown,728,208,54782E1A,0,1,1,4294967295,0,0
MiniSpikeUp,728,192,875A0C1F,0,1,1,4294967295,0,0
MiniSpikeUp,640,176,57E38CA4,0,1,1,4294967295,0,0
MiniSpikeUp,656,176,3FF363A1,0,1,1,4294967295,0,0
MiniSpikeDown,640,224,5C523758,0,1,1,4294967295,0,0
MiniSpikeDown,656,224,8538CC8B,0,1,1,4294967295,0,0
SpikeR,608,288,02806426,0,1,1,4294967295,0,0
SpikeR,576,272,C2888FFB,0,1,1,4294967295,0,0
SpikeR,576,304,93E7F93B,0,1,1,4294967295,0,0
SpikeL,544,32,F5663B23,0,1,1,4294967295,0,0
SpikeR,512,0,A808AAB2,0,1,1,4294967295,0,0
SpikeR,544,16,70047DE4,0,1,1,4294967295,0,0
SpikeL,512,16,A30D7498,0,1,1,4294967295,0,0
MiniSpikeUp,576,144,419DDDCA,0,1,1,4294967295,0,0
MiniSpikeDown,560,128,9372E3A8,0,1,1,4294967295,0,0
SpikeD,576,128,04BDB1A3,0,1,1,4294967295,0,0
Warp,720,32,3A735514,0,1,1,4294967295,0,1
Autotiler,0,0,E883BB22,0,1,1,4294967295,0,1
Block,0,32,003F7A19,0,1,14,4294967295,0,0
Block,768,32,00401B8D,0,1,17,4294967295,0,0
Block,0,0,F122A51F,0,14,1,4294967295,0,0
Block,768,576,10654825,0,1,1,4294967295,0,0
Block,640,576,81BBF47A,0,4,1,4294967295,0,0
Block,640,544,75265DF3,0,1,1,4294967295,0,0
Block,512,448,7830F5C3,0,1,1,4294967295,0,0
Block,640,416,999A505B,0,1,1,4294967295,0,0
Block,672,416,5DAF9A1A,0,1,1,4294967295,0,0
Block,704,416,9693ED04,0,1,1,4294967295,0,0
Block,736,416,44AC0C13,0,1,1,4294967295,0,0
Block,640,384,2063D752,0,1,1,4294967295,0,0
Block,544,320,7BE1BEC3,0,1,1,4294967295,0,0
Block,512,320,D0A494DB,0,1,1,4294967295,0,0
Block,480,320,6553929A,0,1,1,4294967295,0,0
Block,448,320,9D23BE3A,0,1,1,4294967295,0,0
Block,416,320,7CC708F4,0,1,1,4294967295,0,0
Block,416,352,C260F692,0,1,1,4294967295,0,0
Block,416,384,97DC7C7C,0,1,1,4294967295,0,0
Block,384,320,1BE13465,0,1,1,4294967295,0,0
Block,320,320,2D5FBC5C,0,1,1,4294967295,0,0
Block,288,320,AB078467,0,1,1,4294967295,0,0
Block,288,352,2798F7A9,0,1,1,4294967295,0,0
Block,288,384,826546D8,0,1,1,4294967295,0,0
Block,224,448,B88EB5A6,0,1,1,4294967295,0,0
Block,256,384,C4F76157,0,1,1,4294967295,0,0
Block,224,384,B1D7D7F8,0,1,1,4294967295,0,0
Block,192,384,46754D1E,0,1,1,4294967295,0,0
Block,160,384,5C9C0C88,0,1,1,4294967295,0,0
Block,128,384,7BD7AE75,0,1,1,4294967295,0,0
Block,32,448,85C2CD33,0,1,1,4294967295,0,0
Block,64,64,C9613E3B,0,1,1,4294967295,0,0
Block,192,32,8F37C2F1,0,1,1,4294967295,0,0
Block,128,352,F128C7C6,0,1,1,4294967295,0,0
Block,64,288,B6366CB8,0,1,1,4294967295,0,0
Block,32,288,845EB616,0,1,1,4294967295,0,0
Block,64,256,1FA3A953,0,1,1,4294967295,0,0
Block,160,288,5A012EA3,0,1,1,4294967295,0,0
Block,96,384,508DC599,0,1,1,4294967295,0,0
Block,64,384,3C4C9346,0,1,1,4294967295,0,0
Block,64,224,61CF0E77,0,1,1,4294967295,0,0
Block,160,352,E940B13D,0,1,1,4294967295,0,0
Block,128,160,FC734771,0,1,1,4294967295,0,0
Block,128,192,20B7F3DD,0,1,1,4294967295,0,0
Block,160,320,130864F1,0,1,1,4294967295,0,0
Block,256,288,9A352A30,0,1,1,4294967295,0,0
Block,288,224,0319DC0B,0,1,1,4294967295,0,0
Block,288,256,ECA21805,0,1,1,4294967295,0,0
Block,288,288,AAA84F66,0,1,1,4294967295,0,0
Block,288,192,0A1DC016,0,1,1,4294967295,0,0
Block,288,160,8B859BAF,0,1,1,4294967295,0,0
Block,288,128,D81D3C5E,0,1,1,4294967295,0,0
Block,288,96,6D7CBDD6,0,1,1,4294967295,0,0
Block,384,64,2677D89E,0,1,1,4294967295,0,0
Block,384,96,29B332C3,0,1,1,4294967295,0,0
Block,416,128,44D37E9E,0,1,1,4294967295,0,0
Block,384,128,70CA92EA,0,1,1,4294967295,0,0
Block,416,160,2ADD6B46,0,1,1,4294967295,0,0
Block,320,288,76796965,0,1,1,4294967295,0,0
Block,480,288,6AA47027,0,1,1,4294967295,0,0
Block,512,288,900C4AE9,0,1,1,4294967295,0,0
Block,544,224,C93FEEFD,0,1,1,4294967295,0,0
Block,544,256,059E10F9,0,1,1,4294967295,0,0
Block,544,288,62341514,0,1,1,4294967295,0,0
Block,544,192,D5B8D112,0,1,1,4294967295,0,0
Block,544,160,6AF91FC5,0,1,1,4294967295,0,0
Block,416,32,ED74D20F,0,1,1,4294967295,0,0
Block,416,64,717480E5,0,1,1,4294967295,0,0
Block,416,96,352D7DF0,0,1,1,4294967295,0,0
Block,384,160,BE986542,0,1,1,4294967295,0,0
Block,448,288,1525C07C,0,1,1,4294967295,0,0
Block,416,288,01793329,0,1,1,4294967295,0,0
Block,384,192,9DA73043,0,1,1,4294967295,0,0
Block,416,192,4B4B87A4,0,1,1,4294967295,0,0
Block,416,256,82A33994,0,1,1,4294967295,0,0
Block,448,256,EA30F3BB,0,1,1,4294967295,0,0
Block,672,0,F1447B3B,0,4,1,4294967295,0,0
Block,672,32,01033D5E,0,1,1,4294967295,0,0
Block,672,64,717B1227,0,1,1,4294967295,0,0
Block,672,96,46648191,0,1,1,4294967295,0,0
Block,672,128,BE508B1B,0,1,1,4294967295,0,0
Block,672,160,9D5E06AB,0,1,1,4294967295,0,0
Block,672,192,BE4BFC91,0,1,1,4294967295,0,0
Block,672,224,C9AC35F2,0,1,1,4294967295,0,0
Block,608,320,7AFD2680,0,1,1,4294967295,0,0
Block,480,0,BBF75BC5,0,1,1,4294967295,0,0
Block,480,256,5AE94F47,0,1,1,4294967295,0,0
Block,608,0,FB62DE96,0,1,1,4294967295,0,0
Block,576,96,17D1AF4C,0,1,1,4294967295,0,0
Block,576,0,5BE87658,0,1,1,4294967295,0,0
Block,576,32,DD6DCD77,0,1,1,4294967295,0,0
Block,640,192,F5DC0B56,0,1,1,4294967295,0,0
WallJumpL,416,160,FE1AEE5F,0,1,1,4294967295,0,0
MusicPlayer,32,0,003C2ED2,0,1,1,4294967295,0,1
SaveBook,696,552,AC3ACA96,0,1,1,4294967295,0,0
CoinBlock,544,480,66ABD2E7,0,1,1,4294967295,0,1
FlipBlock,224,128,6AAEBC4B,0,1,1,4294967295,0,0
Spinner,512,448,5BF7D1AB,0,2,1,4294967295,0,1
CoinBlock,544,512,EC8CC932,0,1,1,4294967295,0,1
CoinBlock,480,480,C179D6D3,0,1,1,4294967295,0,1
CoinBlock,480,512,B1D175AF,0,1,1,4294967295,0,1
CoinBlock,352,448,1880F531,0,1,1,4294967295,0,0
CoinBlock,416,416,94C89115,0,1,1,4294967295,0,1
CoinBlock,128,448,4082E4D1,0,1,1,4294967295,0,1
BlueCoin,336,360,6032B8A9,0,1,1,4294967295,0,0
BlueCoin,352,344,022A7F7E,0,1,1,4294967295,0,0
BlueCoin,368,360,0B8F257E,0,1,1,4294967295,0,0
BlueCoin,352,376,37AC4A56,0,1,1,4294967295,0,0
CoinBlock,32,416,C6F201BA,0,1,1,4294967295,0,1
BlueCoin,128,416,3C0D59EA,0,1,1,4294967295,0,1
BlueCoin,64,416,493B28EC,0,1,1,4294967295,0,1
CoinBlock,288,416,88C6FEE4,0,1,1,4294967295,0,1
SaveBook,96,360,B86482F4,0,1,1,4294967295,0,0
SaveBook,464,232,E5918E4E,0,1,1,4294967295,0,0
Crusher,48,272,9E5B42C8,0,1,1,4294967295,0,0
SpikeBlock,96,256,13AF8B24,0,1,1,4294967295,0,0
SpikeBlock,128,128,7882C7C4,0,1,1,4294967295,0,0
FlipBlock,320,160,3C40C2A4,0,1,1,4294967295,0,0
CrusherK,400,304,8CDC1650,0,1,1,4294967295,0,0
Skinner,32,544,2E049741,0,1,1,4294967295,0,1
GravFlip,432,32,55763A11,0,1,1,4294967295,0,1
GravNormal,640,272,246FDBB2,0,1,1,4294967295,0,1
Spring,704,384,E9889CBD,0,1,1,4294967295,0,0
Spring,448,0,BA9F8FFE,0,1,1,4294967295,0,0
Spring,512,256,13AD9D44,0,1,1,4294967295,0,0
Spring,640,0,0EB109EA,0,1,1,4294967295,0,0
Platform,608,176,D29D0313,0,1,1,4294967295,0,0
PlayerStart,736,544,96BD2CE7,0,1,1,4294967295,0,0
