CreditsWarp,0,0,0E0C98E2,0,1,1,4294967295,0,1
TextDraw,48,464,D5AA94F8,0,1,1,4294967295,0,1
TextDraw,384,32,39F57008,0,1,1,4294967295,0,1
TextDraw,48,512,5B66432F,0,1,1,4294967295,0,1
TextDraw,48,560,153A13FB,0,1,1,4294967295,0,1
CreditsPortrait,400,240,ABC53C7E,0,1,1,4294967295,0,1
OrderBlock,384,416,F9EAF41A,0,1,1,4294967295,0,0
OrderBlock,352,416,D8E9F1C2,0,1,1,4294967295,0,0
OrderBlock,320,416,48398BA6,0,1,1,4294967295,0,0
OrderBlock,288,416,532720BF,0,1,1,4294967295,0,0
OrderBlock,416,416,C5F78B87,0,1,1,4294967295,0,0
OrderBlock,448,416,6425EBC1,0,1,1,4294967295,0,0
OrderBlock,480,416,1F5766F2,0,1,1,4294967295,0,0
OrderBlock,352,384,A29F1731,0,1,1,4294967295,0,0
OrderBlock,384,384,EA2DEEEC,0,1,1,4294967295,0,0
OrderBlock,416,384,EE0755EC,0,1,1,4294967295,0,0
