Block,320,384,5D5174C2,0,1,1,4294967295,0,0
Block,352,384,AC0497CF,0,1,1,4294967295,0,0
Block,384,384,2292F8A7,0,1,1,4294967295,0,0
Block,416,384,2AFFA6C5,0,1,1,4294967295,0,0
Block,448,384,30F3C94F,0,1,1,4294967295,0,0
JumpCounter,112,128,09BDA9D4,0,1,1,4294967295,0,0
BreakBlock,320,384,6A017016,0,1,1,4294967295,0,0
BreakBlock,448,384,8785F8F3,0,1,1,4294967295,0,0
BreakBlock,416,384,0C17E6E5,0,1,1,4294967295,0,0
BreakBlock,384,384,3A969393,0,1,1,4294967295,0,0
BreakBlock,352,384,9DF81F47,0,1,1,4294967295,0,0
BossSaveP,384,352,7FC9014D,0,1,1,4294967295,0,0
AutoSaver,320,352,A9314EBB,0,1,1,4294967295,0,1
BossP,128,192,58347889,0,1,1,4294967295,0,0
RuleEnforcer,96,256,B594A573,0,1,1,4294967295,0,1
PlayerStart,320,352,96BD2CE7,0,1,1,4294967295,0,0
DialogueHandlerInteract,384,352,74438761,0,1,1,4294967295,0,0
