bHub2,1120,896,0,0,32,32,0,1,1,4294967295
bHub2,1120,928,0,0,32,32,0,1,1,4294967295
bHub2,1152,928,0,0,32,32,0,1,1,4294967295
bHub2,1184,928,0,0,32,32,0,1,1,4294967295
bHub2,1216,928,0,0,32,32,0,1,1,4294967295
bHub2,1248,928,0,0,32,32,0,1,1,4294967295
bHub2,1152,896,0,0,32,32,0,1,1,4294967295
bHub2,1184,896,0,0,32,32,0,1,1,4294967295
bHub2,1216,896,0,0,32,32,0,1,1,4294967295
bHub2,1248,896,0,0,32,32,0,1,1,4294967295
bHub2,1152,832,0,0,32,32,0,1,1,4294967295
bHub2,1184,832,0,0,32,32,0,1,1,4294967295
bHub2,1216,832,0,0,32,32,0,1,1,4294967295
bHub2,1216,864,0,0,32,32,0,1,1,4294967295
bHub2,1184,864,0,0,32,32,0,1,1,4294967295
bHub2,1152,864,0,0,32,32,0,1,1,4294967295
bHub2,1120,1184,0,0,32,32,0,1,1,4294967295
bHub2,1152,1184,0,0,32,32,0,1,1,4294967295
bHub2,1184,1184,0,0,32,32,0,1,1,4294967295
bHub2,1216,1184,0,0,32,32,0,1,1,4294967295
bHub2,1248,1184,0,0,32,32,0,1,1,4294967295
bHub2,1248,1216,0,0,32,32,0,1,1,4294967295
bHub2,1216,1216,0,0,32,32,0,1,1,4294967295
bHub2,1184,1216,0,0,32,32,0,1,1,4294967295
bHub2,1152,1216,0,0,32,32,0,1,1,4294967295
bHub2,1120,1216,0,0,32,32,0,1,1,4294967295
bHub2,1152,960,0,0,32,32,0,1,1,4294967295
bHub2,1184,960,0,0,32,32,0,1,1,4294967295
bHub2,1216,960,0,0,32,32,0,1,1,4294967295
bHub2,1152,992,0,0,32,32,0,1,1,4294967295
bHub2,1184,992,0,0,32,32,0,1,1,4294967295
bHub2,1152,1024,0,0,32,32,0,1,1,4294967295
bHub2,1152,1056,0,0,32,32,0,1,1,4294967295
bHub2,1152,1088,0,0,32,32,0,1,1,4294967295
bHub2,1152,1120,0,0,32,32,0,1,1,4294967295
bHub2,1152,1152,0,0,32,32,0,1,1,4294967295
bHub2,1184,1024,0,0,32,32,0,1,1,4294967295
bHub2,1184,1056,0,0,32,32,0,1,1,4294967295
bHub2,1184,1088,0,0,32,32,0,1,1,4294967295
bHub2,1184,1120,0,0,32,32,0,1,1,4294967295
bHub2,1184,1152,0,0,32,32,0,1,1,4294967295
bHub2,1216,992,0,0,32,32,0,1,1,4294967295
bHub2,1216,1024,0,0,32,32,0,1,1,4294967295
bHub2,1216,1056,0,0,32,32,0,1,1,4294967295
bHub2,1216,1088,0,0,32,32,0,1,1,4294967295
bHub2,1216,1120,0,0,32,32,0,1,1,4294967295
bHub2,1216,1152,0,0,32,32,0,1,1,4294967295
bHub2,992,1568,0,0,32,32,0,1,1,4294967295
bHub2,1024,1568,0,0,32,32,0,1,1,4294967295
bHub2,1056,1568,0,0,32,32,0,1,1,4294967295
bHub2,1088,1568,0,0,32,32,0,1,1,4294967295
bHub2,1088,1600,0,0,32,32,0,1,1,4294967295
bHub2,1056,1600,0,0,32,32,0,1,1,4294967295
bHub2,1088,1664,0,0,32,32,0,1,1,4294967295
bHub2,1088,1632,0,0,32,32,0,1,1,4294967295
bHub2,1024,1600,0,0,32,32,0,1,1,4294967295
bHub2,1024,1632,0,0,32,32,0,1,1,4294967295
bHub2,992,1664,0,0,32,32,0,1,1,4294967295
bHub2,1024,1664,0,0,32,32,0,1,1,4294967295
bHub2,1056,1664,0,0,32,32,0,1,1,4294967295
bHub2,1056,1632,0,0,32,32,0,1,1,4294967295
bHub2,1152,1600,0,0,32,32,0,1,1,4294967295
bHub2,1184,1600,0,0,32,32,0,1,1,4294967295
bHub2,1216,1600,0,0,32,32,0,1,1,4294967295
bHub2,1152,1664,0,0,32,32,0,1,1,4294967295
bHub2,1152,1632,0,0,32,32,0,1,1,4294967295
bHub2,1184,1632,0,0,32,32,0,1,1,4294967295
bHub2,1216,1632,0,0,32,32,0,1,1,4294967295
bHub2,1184,1664,0,0,32,32,0,1,1,4294967295
bHub2,1216,1664,0,0,32,32,0,1,1,4294967295
bHub2,1280,1568,0,0,32,32,0,1,1,4294967295
bHub2,1312,1568,0,0,32,32,0,1,1,4294967295
bHub2,1344,1568,0,0,32,32,0,1,1,4294967295
bHub2,1376,1568,0,0,32,32,0,1,1,4294967295
bHub2,1344,1600,0,0,32,32,0,1,1,4294967295
bHub2,1312,1600,0,0,32,32,0,1,1,4294967295
bHub2,1280,1600,0,0,32,32,0,1,1,4294967295
bHub2,1280,1632,0,0,32,32,0,1,1,4294967295
bHub2,1280,1664,0,0,32,32,0,1,1,4294967295
bHub2,1312,1632,0,0,32,32,0,1,1,4294967295
bHub2,1344,1632,0,0,32,32,0,1,1,4294967295
bHub2,1312,1664,0,0,32,32,0,1,1,4294967295
bHub2,1344,1664,0,0,32,32,0,1,1,4294967295
bHub2,1376,1664,0,0,32,32,0,1,1,4294967295
bHub2,1952,800,0,0,32,32,0,1,1,4294967295
bHub2,1984,800,0,0,32,32,0,1,1,4294967295
bHub2,2016,800,0,0,32,32,0,1,1,4294967295
bHub2,1888,864,0,0,32,32,0,1,1,4294967295
bHub2,1888,896,0,0,32,32,0,1,1,4294967295
bHub2,1888,928,0,0,32,32,0,1,1,4294967295
bHub2,2080,864,0,0,32,32,0,1,1,4294967295
bHub2,2080,896,0,0,32,32,0,1,1,4294967295
bHub2,2080,928,0,0,32,32,0,1,1,4294967295
bHub2,1952,992,0,0,32,32,0,1,1,4294967295
bHub2,1984,992,0,0,32,32,0,1,1,4294967295
bHub2,2016,992,0,0,32,32,0,1,1,4294967295
bHub2,160,864,0,0,32,32,0,1,1,4294967295
bHub2,192,864,0,0,32,32,0,1,1,4294967295
bHub2,224,864,0,0,32,32,0,1,1,4294967295
bHub2,544,864,0,0,32,32,0,1,1,4294967295
bHub2,576,864,0,0,32,32,0,1,1,4294967295
bHub2,608,864,0,0,32,32,0,1,1,4294967295
bHub2,160,832,0,0,32,32,0,1,1,4294967295
bHub2,192,832,0,0,32,32,0,1,1,4294967295
bHub2,224,832,0,0,32,32,0,1,1,4294967295
bHub2,256,768,0,0,32,32,0,1,1,4294967295
bHub2,544,832,0,0,32,32,0,1,1,4294967295
bHub2,576,832,0,0,32,32,0,1,1,4294967295
bHub2,608,832,0,0,32,32,0,1,1,4294967295
bHub2,544,800,0,0,32,32,0,1,1,4294967295
bHub2,576,800,0,0,32,32,0,1,1,4294967295
bHub2,480,768,0,0,32,32,0,1,1,4294967295
bHub2,512,768,0,0,32,32,0,1,1,4294967295
bHub2,480,736,0,0,32,32,0,1,1,4294967295
bHub2,544,768,0,0,32,32,0,1,1,4294967295
bHub2,512,800,0,0,32,32,0,1,1,4294967295
bHub2,512,736,0,0,32,32,0,1,1,4294967295
bHub2,448,768,0,0,32,32,0,1,1,4294967295
bHub2,416,704,0,0,32,32,0,1,1,4294967295
bHub2,448,704,0,0,32,32,0,1,1,4294967295
bHub2,448,736,0,0,32,32,0,1,1,4294967295
bHub2,256,736,0,0,32,32,0,1,1,4294967295
bHub2,256,832,0,0,32,32,0,1,1,4294967295
bHub2,192,800,0,0,32,32,0,1,1,4294967295
bHub2,224,800,0,0,32,32,0,1,1,4294967295
bHub2,256,800,0,0,32,32,0,1,1,4294967295
bHub2,288,800,0,0,32,32,0,1,1,4294967295
bHub2,224,768,0,0,32,32,0,1,1,4294967295
bHub2,288,768,0,0,32,32,0,1,1,4294967295
bHub2,320,768,0,0,32,32,0,1,1,4294967295
bHub2,512,832,0,0,32,32,0,1,1,4294967295
bHub2,480,800,0,0,32,32,0,1,1,4294967295
bHub2,288,736,0,0,32,32,0,1,1,4294967295
bHub2,320,736,0,0,32,32,0,1,1,4294967295
bHub2,352,736,0,0,32,32,0,1,1,4294967295
bHub2,384,736,0,0,32,32,0,1,1,4294967295
bHub2,416,736,0,0,32,32,0,1,1,4294967295
bHub2,288,704,0,0,32,32,0,1,1,4294967295
bHub2,320,704,0,0,32,32,0,1,1,4294967295
bHub2,352,704,0,0,32,32,0,1,1,4294967295
bHub2,384,704,0,0,32,32,0,1,1,4294967295
bHub2,480,704,0,0,32,32,0,1,1,4294967295
bHub2,1056,480,0,0,32,32,0,1,1,4294967295
bHub2,1056,512,0,0,32,32,0,1,1,4294967295
bHub2,1056,544,0,0,32,32,0,1,1,4294967295
bHub2,1312,480,0,0,32,32,0,1,1,4294967295
bHub2,1312,512,0,0,32,32,0,1,1,4294967295
bHub2,1312,544,0,0,32,32,0,1,1,4294967295
