SpikeU,992,176,8935A330,0,1,1,4294967295,0,0
SpikeU,976,208,133C9F07,0,1,1,4294967295,0,0
SpikeU,1008,208,0D6FD7F2,0,1,1,4294967295,0,0
SpikeD,1376,208,893A7267,0,1,1,4294967295,0,0
SpikeD,1360,176,B97BB925,0,1,1,4294967295,0,0
SpikeD,1392,176,DD30D16B,0,1,1,4294967295,0,0
FadeWarp,1968,880,3E6D12C6,0,2,2,4294967295,0,1
FadeWarp,1488,1712,45F6DD65,0,2,2,4294967295,0,1
FadeWarp,368,944,0A69779A,0,2,2,4294967295,0,1
Autotiler,800,608,AFA125B2,0,1,1,4294967295,0,1
Block,800,640,D0D5CE90,0,1,6,4294967295,0,0
Block,800,1184,28CFC2B5,0,10,1,4294967295,0,0
Block,800,32,38D8A520,0,1,17,4294967295,0,0
Block,1568,32,98B73A64,0,1,17,4294967295,0,0
Block,800,0,B4DFE94E,0,25,1,4294967295,0,0
Block,0,1184,8A9CE423,0,25,1,4294967295,0,0
Block,0,640,7090D090,0,1,17,4294967295,0,0
Block,0,608,7F24C5B6,0,25,1,4294967295,0,0
Block,1600,1184,1CCB0E97,0,25,1,4294967295,0,0
Block,2368,640,A837FDD5,0,1,17,4294967295,0,0
Block,1600,608,D82273FF,0,25,1,4294967295,0,0
Block,800,1792,8F08C19F,0,25,1,4294967295,0,0
Block,1568,1248,F4450092,0,1,17,4294967295,0,0
Block,800,1248,7D37C38A,0,1,17,4294967295,0,0
Block,1280,1184,07157761,0,10,1,4294967295,0,0
Block,800,1216,65B2AE22,0,10,1,4294967295,0,0
Block,1280,1216,8D0BDAC0,0,10,1,4294967295,0,0
Block,800,608,737C5FD9,0,10,1,4294967295,0,0
Block,800,576,92706B36,0,10,1,4294967295,0,0
Block,1280,576,73DA354C,0,10,1,4294967295,0,0
Block,1280,608,60B5C307,0,10,1,4294967295,0,0
Block,1120,1472,E26DB94F,0,1,1,4294967295,0,0
Block,1120,1504,5093963F,0,1,1,4294967295,0,0
Block,1120,1536,FF2849BB,0,1,1,4294967295,0,0
Block,1120,1568,AE64A532,0,1,1,4294967295,0,0
Block,1120,1696,C19CEF2B,0,1,1,4294967295,0,0
Block,1120,1728,7CD14FA8,0,1,1,4294967295,0,0
Block,1120,1760,6718EDB5,0,1,1,4294967295,0,0
Block,1184,1280,633FF24C,0,1,1,4294967295,0,0
Block,1152,1312,02304D56,0,1,1,4294967295,0,0
Block,1184,1312,E0BF5E48,0,1,1,4294967295,0,0
Block,1216,1312,F6405D09,0,1,1,4294967295,0,0
Block,1120,1344,5BFF1DD2,0,1,1,4294967295,0,0
Block,1152,1344,D6F343D6,0,1,1,4294967295,0,0
Block,1184,1344,8D9FABC1,0,1,1,4294967295,0,0
Block,1216,1344,10C89073,0,1,1,4294967295,0,0
Block,1248,1344,14B63655,0,1,1,4294967295,0,0
Block,1152,1472,D119AEBE,0,1,1,4294967295,0,0
Block,1184,1472,D3D80874,0,1,1,4294967295,0,0
Block,1216,1472,53DD060A,0,1,1,4294967295,0,0
Block,1248,1472,4BE63D7D,0,1,1,4294967295,0,0
Block,1248,1504,84A3FE09,0,1,1,4294967295,0,0
Block,1248,1536,9738F934,0,1,1,4294967295,0,0
Block,1248,1568,33EE66D4,0,1,1,4294967295,0,0
Block,1248,1696,FE53F5FC,0,1,1,4294967295,0,0
Block,1248,1728,46F8C44D,0,1,1,4294967295,0,0
Block,1248,1760,6B9C7F47,0,1,1,4294967295,0,0
Block,1088,1760,EC80280E,0,1,1,4294967295,0,0
Block,1056,1760,24B9329B,0,1,1,4294967295,0,0
Block,1024,1760,D5425417,0,1,1,4294967295,0,0
Block,1088,1728,F480BAD8,0,1,1,4294967295,0,0
Block,1056,1728,77D574FE,0,1,1,4294967295,0,0
Block,1088,1696,72964B9F,0,1,1,4294967295,0,0
Block,1088,1472,7AA4F5BB,0,1,1,4294967295,0,0
Block,1056,1472,60D15C17,0,1,1,4294967295,0,0
Block,1024,1472,892B4DC3,0,1,1,4294967295,0,0
Block,1056,1504,DA8479A7,0,1,1,4294967295,0,0
Block,1088,1504,D02D429B,0,1,1,4294967295,0,0
Block,1088,1536,6391CF79,0,1,1,4294967295,0,0
Block,992,1600,3CA64E42,0,1,1,4294967295,0,0
Block,960,1600,6975F054,0,1,1,4294967295,0,0
Block,928,1600,498A6A55,0,1,1,4294967295,0,0
Block,896,1600,FFB98C34,0,1,1,4294967295,0,0
Block,864,1600,92168379,0,1,1,4294967295,0,0
Block,832,1600,600EE4FB,0,1,1,4294967295,0,0
Block,832,1632,D0F8E1F0,0,1,1,4294967295,0,0
Block,864,1632,3A65D641,0,1,1,4294967295,0,0
Block,896,1632,47B9AED0,0,1,1,4294967295,0,0
Block,928,1632,702F61D2,0,1,1,4294967295,0,0
Block,960,1632,6860CEED,0,1,1,4294967295,0,0
Block,992,1632,A7BC2E8B,0,1,1,4294967295,0,0
Block,992,1440,BA07BEC0,0,1,1,4294967295,0,0
Block,1024,1440,B3CEC365,0,1,1,4294967295,0,0
Block,1056,1440,B84B3C00,0,1,1,4294967295,0,0
Block,1088,1440,B3711288,0,1,1,4294967295,0,0
Block,1120,1440,3899C06F,0,1,1,4294967295,0,0
Block,1152,1440,69C52627,0,1,1,4294967295,0,0
Block,1184,1440,F25184FF,0,1,1,4294967295,0,0
Block,1216,1440,95B4DE9D,0,1,1,4294967295,0,0
Block,1248,1440,37E869DA,0,1,1,4294967295,0,0
Block,1280,1440,0CF92012,0,1,1,4294967295,0,0
Block,1312,1440,6761471C,0,1,1,4294967295,0,0
Block,1344,1440,77189A81,0,1,1,4294967295,0,0
Block,960,1568,EB62E936,0,1,1,4294967295,0,0
Block,928,1568,D0936A31,0,1,1,4294967295,0,0
Block,896,1568,87AB50E9,0,1,1,4294967295,0,0
Block,864,1568,9560A46A,0,1,1,4294967295,0,0
Block,832,1568,9ABC3E99,0,1,1,4294967295,0,0
Block,1152,1376,B3755D0B,0,1,1,4294967295,0,0
Block,1216,1376,168F9778,0,1,1,4294967295,0,0
Block,1184,1376,05E9CD86,0,1,1,4294967295,0,0
Block,1184,1408,E96E70CB,0,1,1,4294967295,0,0
Block,1280,1472,48F2AB30,0,1,1,4294967295,0,0
Block,1280,1504,0478CFC1,0,1,1,4294967295,0,0
Block,1280,1536,63733C7E,0,1,1,4294967295,0,0
Block,1312,1472,AE4AA768,0,1,1,4294967295,0,0
Block,1312,1504,BDFC75DA,0,1,1,4294967295,0,0
Block,1152,1568,73E599CA,0,1,1,4294967295,0,0
Block,1184,1568,15A97938,0,1,1,4294967295,0,0
Block,1216,1568,D127A40C,0,1,1,4294967295,0,0
Block,1152,1504,1601654E,0,1,1,4294967295,0,0
Block,1184,1504,D68CB0FE,0,1,1,4294967295,0,0
Block,1216,1504,3786C32F,0,1,1,4294967295,0,0
Block,1216,1536,A6D074D8,0,1,1,4294967295,0,0
Block,1152,1536,133F973B,0,1,1,4294967295,0,0
Block,1184,1536,A0F9DDE9,0,1,1,4294967295,0,0
Block,1280,1696,9FA19DDC,0,1,1,4294967295,0,0
Block,1280,1728,8569E32C,0,1,1,4294967295,0,0
Block,1280,1760,17327BCA,0,1,1,4294967295,0,0
Block,1312,1760,A30E74EB,0,1,1,4294967295,0,0
Block,1312,1728,AB330D33,0,1,1,4294967295,0,0
Block,1344,1760,15CDC7CD,0,1,1,4294967295,0,0
Block,1120,1600,3144263F,0,1,1,4294967295,0,0
Block,1120,1632,D2742715,0,1,1,4294967295,0,0
Block,1120,1664,A21F7E9E,0,1,1,4294967295,0,0
Block,1248,1600,1C29D3A0,0,1,1,4294967295,0,0
Block,1248,1632,383DF258,0,1,1,4294967295,0,0
Block,1248,1664,50396179,0,1,1,4294967295,0,0
Block,1344,1472,819AD086,0,1,1,4294967295,0,0
Block,1376,1440,93B5D75F,0,1,1,4294967295,0,0
Block,960,1664,AA73EA1C,0,1,1,4294967295,0,0
Block,928,1664,9243BECE,0,1,1,4294967295,0,0
Block,896,1664,C0B5741B,0,1,1,4294967295,0,0
Block,864,1664,D1BB6E54,0,1,1,4294967295,0,0
Block,832,1664,CEFB32DD,0,1,1,4294967295,0,0
Block,1376,1600,AEB7CD89,0,1,1,4294967295,0,0
Block,1376,1632,9F588C25,0,1,1,4294967295,0,0
Block,1408,1600,51ABAF15,0,1,1,4294967295,0,0
Block,1440,1600,2E9BB966,0,1,1,4294967295,0,0
Block,1472,1600,307A31B6,0,1,1,4294967295,0,0
Block,1504,1600,D5AADA3F,0,1,1,4294967295,0,0
Block,1536,1600,147B8DE2,0,1,1,4294967295,0,0
Block,1536,1632,72A4E0A4,0,1,1,4294967295,0,0
Block,1504,1632,0734F640,0,1,1,4294967295,0,0
Block,1472,1632,081184D1,0,1,1,4294967295,0,0
Block,1440,1632,70A52726,0,1,1,4294967295,0,0
Block,1408,1632,34A0588F,0,1,1,4294967295,0,0
Block,1408,1664,666A3338,0,1,1,4294967295,0,0
Block,1440,1664,378613A0,0,1,1,4294967295,0,0
Block,1472,1664,ACD5F466,0,1,1,4294967295,0,0
Block,1504,1664,368BB51D,0,1,1,4294967295,0,0
Block,1536,1664,F3752B40,0,1,1,4294967295,0,0
Block,1408,1568,4B5FB389,0,1,1,4294967295,0,0
Block,1440,1568,33DD6B0D,0,1,1,4294967295,0,0
Block,1472,1568,D0B024BE,0,1,1,4294967295,0,0
Block,1504,1568,83E7DC0F,0,1,1,4294967295,0,0
Block,1536,1568,B392E5A7,0,1,1,4294967295,0,0
Block,832,1152,4137030B,0,1,1,4294967295,0,0
Block,864,1152,1B6764EB,0,1,1,4294967295,0,0
Block,896,1152,B8B3AFBC,0,1,1,4294967295,0,0
Block,928,1152,06677374,0,1,1,4294967295,0,0
Block,832,1120,43B767E8,0,1,1,4294967295,0,0
Block,864,1120,C291D81F,0,1,1,4294967295,0,0
Block,896,1120,5B036A86,0,1,1,4294967295,0,0
Block,832,1088,26ED9D41,0,1,1,4294967295,0,0
Block,864,1088,8654A6C4,0,1,1,4294967295,0,0
Block,832,1056,1D4A1CC6,0,1,1,4294967295,0,0
Block,800,1024,1613154B,0,1,1,4294967295,0,0
Block,800,1056,57E05D7B,0,1,1,4294967295,0,0
Block,800,1088,15E2BE48,0,1,1,4294967295,0,0
Block,800,1120,835A12CF,0,1,1,4294967295,0,0
Block,800,1152,6950F29F,0,1,1,4294967295,0,0
Block,800,992,249F0894,0,1,1,4294967295,0,0
Block,768,640,4E98F64C,0,1,6,4294967295,0,0
Block,768,992,28139A22,0,1,6,4294967295,0,0
Block,1568,640,F1A4EA2D,0,1,6,4294967295,0,0
Block,1600,640,6A2AFE9B,0,1,6,4294967295,0,0
Block,1568,992,88544D9A,0,1,6,4294967295,0,0
Block,1600,992,3DD92F4E,0,1,6,4294967295,0,0
Block,832,1024,3A560B63,0,1,1,4294967295,0,0
Block,864,1056,090C6156,0,1,1,4294967295,0,0
Block,896,1088,708F9509,0,1,1,4294967295,0,0
Block,928,1120,7F14CD12,0,1,1,4294967295,0,0
Block,960,1152,D5B4002A,0,1,1,4294967295,0,0
Block,832,640,1C9B7C20,0,1,1,4294967295,0,0
Block,832,672,16FD5936,0,1,1,4294967295,0,0
Block,864,640,6ABE63F7,0,1,1,4294967295,0,0
Block,864,672,2E66BC7C,0,1,1,4294967295,0,0
Block,896,640,97E91051,0,1,1,4294967295,0,0
Block,928,640,39D76E12,0,1,1,4294967295,0,0
Block,832,768,0156C639,0,1,1,4294967295,0,0
Block,832,736,C9A25562,0,1,1,4294967295,0,0
Block,832,704,118CEFD5,0,1,1,4294967295,0,0
Block,864,704,099D847C,0,1,1,4294967295,0,0
Block,864,736,0FD5A3E1,0,1,1,4294967295,0,0
Block,896,672,004F5906,0,1,1,4294967295,0,0
Block,896,704,14C423A6,0,1,1,4294967295,0,0
Block,928,672,0B11BDEA,0,1,1,4294967295,0,0
Block,960,640,BBEC8A40,0,1,1,4294967295,0,0
Block,960,896,706756D5,0,1,1,4294967295,0,0
Block,992,896,FF971A77,0,1,1,4294967295,0,0
Block,1024,896,88F0D444,0,1,1,4294967295,0,0
Block,1056,896,C16D8BF8,0,1,1,4294967295,0,0
Block,1088,896,0B052A0D,0,1,1,4294967295,0,0
Block,1088,928,B667B378,0,1,1,4294967295,0,0
Block,1056,928,36555860,0,1,1,4294967295,0,0
Block,1024,928,F2BA31E7,0,1,1,4294967295,0,0
Block,992,928,63DF6AF3,0,1,1,4294967295,0,0
Block,960,928,CF5AE7C1,0,1,1,4294967295,0,0
Block,992,864,C1C004B1,0,1,1,4294967295,0,0
Block,1024,864,FA2D2F2C,0,1,1,4294967295,0,0
Block,1056,864,03DF1FBE,0,1,1,4294967295,0,0
Block,992,960,115DEBAE,0,1,1,4294967295,0,0
Block,1024,960,E2943612,0,1,1,4294967295,0,0
Block,1056,960,D31FABC6,0,1,1,4294967295,0,0
Block,1312,896,18739B20,0,1,1,4294967295,0,0
Block,1344,896,90C661B9,0,1,1,4294967295,0,0
Block,1376,896,6B8C02A4,0,1,1,4294967295,0,0
Block,1408,896,E20B91E4,0,1,1,4294967295,0,0
Block,1408,928,FC96C3ED,0,1,1,4294967295,0,0
Block,1376,928,30C8DB30,0,1,1,4294967295,0,0
Block,1344,928,A652CF22,0,1,1,4294967295,0,0
Block,1312,928,9F9A373E,0,1,1,4294967295,0,0
Block,1312,864,F285721B,0,1,1,4294967295,0,0
Block,1344,864,C95D8188,0,1,1,4294967295,0,0
Block,1376,864,6AF4A1B2,0,1,1,4294967295,0,0
Block,1280,896,2375028A,0,1,1,4294967295,0,0
Block,1280,928,8ED6C22E,0,1,1,4294967295,0,0
Block,1312,960,5EF66844,0,1,1,4294967295,0,0
Block,1344,960,A8DB8FA6,0,1,1,4294967295,0,0
Block,1376,960,2AA27208,0,1,1,4294967295,0,0
Block,1152,736,08CFC1AE,0,1,1,4294967295,0,0
Block,1184,736,6BCB8288,0,1,1,4294967295,0,0
Block,1216,736,B208B210,0,1,1,4294967295,0,0
Block,1248,736,F44038E3,0,1,1,4294967295,0,0
Block,1248,768,5B6A4D65,0,1,1,4294967295,0,0
Block,1216,768,7CCCA6C2,0,1,1,4294967295,0,0
Block,1184,768,412442D6,0,1,1,4294967295,0,0
Block,1152,768,7E479966,0,1,1,4294967295,0,0
Block,1152,704,52EB126B,0,1,1,4294967295,0,0
Block,1184,704,BBA5D32B,0,1,1,4294967295,0,0
Block,1216,704,484C94E8,0,1,1,4294967295,0,0
Block,1120,736,05F54193,0,1,1,4294967295,0,0
Block,1120,768,5746D5E1,0,1,1,4294967295,0,0
Block,1152,800,71E6D840,0,1,1,4294967295,0,0
Block,1184,800,7A55F610,0,1,1,4294967295,0,0
Block,1216,800,0D4C8290,0,1,1,4294967295,0,0
Block,1536,1152,6403F444,0,1,1,4294967295,0,0
Block,1536,1120,218C3146,0,1,1,4294967295,0,0
Block,1536,1088,7B7468F1,0,1,1,4294967295,0,0
Block,1536,1056,FB4B13F5,0,1,1,4294967295,0,0
Block,1536,1024,DD3F44D7,0,1,1,4294967295,0,0
Block,1504,1056,0C018AA1,0,1,1,4294967295,0,0
Block,1504,1088,ABE6EBFD,0,1,1,4294967295,0,0
Block,1504,1120,09CA60C3,0,1,1,4294967295,0,0
Block,1504,1152,8AACFBE4,0,1,1,4294967295,0,0
Block,1472,1152,376E5CEE,0,1,1,4294967295,0,0
Block,1440,1152,9142A10A,0,1,1,4294967295,0,0
Block,1472,1088,91EF129B,0,1,1,4294967295,0,0
Block,1472,1120,0B6C0484,0,1,1,4294967295,0,0
Block,1440,1120,2F3AF2B9,0,1,1,4294967295,0,0
Block,1408,1152,E2C4E6D4,0,1,1,4294967295,0,0
Block,1536,640,EF05A57A,0,1,1,4294967295,0,0
Block,1504,640,61697480,0,1,1,4294967295,0,0
Block,1472,640,175D7DF7,0,1,1,4294967295,0,0
Block,1440,640,41DEE3EB,0,1,1,4294967295,0,0
Block,1408,640,9546D6E7,0,1,1,4294967295,0,0
Block,1536,768,DC7B2228,0,1,1,4294967295,0,0
Block,1536,736,C5C6DDA1,0,1,1,4294967295,0,0
Block,1536,704,213A2A94,0,1,1,4294967295,0,0
Block,1536,672,5E153466,0,1,1,4294967295,0,0
Block,1472,672,F0B8EAC8,0,1,1,4294967295,0,0
Block,1504,672,9229C32B,0,1,1,4294967295,0,0
Block,1504,704,D608569C,0,1,1,4294967295,0,0
Block,1504,736,D8365D10,0,1,1,4294967295,0,0
Block,1472,704,C1C402EB,0,1,1,4294967295,0,0
Block,1440,672,1E7DE47E,0,1,1,4294967295,0,0
Block,928,384,CBD6E617,0,1,1,4294967295,0,0
Block,960,384,9699D3DA,0,1,1,4294967295,0,0
Block,992,384,C53D5617,0,1,1,4294967295,0,0
Block,1024,384,B1CAFD9F,0,1,1,4294967295,0,0
Block,1056,384,07EC159D,0,1,1,4294967295,0,0
Block,1312,384,C9ADA090,0,1,1,4294967295,0,0
Block,1344,384,08222DF0,0,1,1,4294967295,0,0
Block,1376,384,2E3BA7E9,0,1,1,4294967295,0,0
Block,1408,384,8B428038,0,1,1,4294967295,0,0
Block,1440,384,83C4BDD2,0,1,1,4294967295,0,0
Block,960,416,29CFA565,0,1,1,4294967295,0,0
Block,992,416,F53CEC4A,0,1,1,4294967295,0,0
Block,1024,416,235DA131,0,1,1,4294967295,0,0
Block,992,448,E1C637CF,0,1,1,4294967295,0,0
Block,1344,416,3ACB87E4,0,1,1,4294967295,0,0
Block,1376,416,1B5CC75E,0,1,1,4294967295,0,0
Block,1408,416,09936219,0,1,1,4294967295,0,0
Block,1376,448,B1FA673E,0,1,1,4294967295,0,0
Block,1632,1024,8C8A14BA,0,1,1,4294967295,0,0
Block,1632,1056,339A7D97,0,1,1,4294967295,0,0
Block,1632,1088,A7DF9342,0,1,1,4294967295,0,0
Block,1632,1120,85F33F4A,0,1,1,4294967295,0,0
Block,1632,1152,BD9EB101,0,1,1,4294967295,0,0
Block,1664,1056,704DF848,0,1,1,4294967295,0,0
Block,1664,1088,B5A3C0A1,0,1,1,4294967295,0,0
Block,1664,1120,4D1A92FD,0,1,1,4294967295,0,0
Block,1664,1152,FDDD7B1A,0,1,1,4294967295,0,0
Block,1696,1088,38C79AE0,0,1,1,4294967295,0,0
Block,1696,1120,F52F0B68,0,1,1,4294967295,0,0
Block,1696,1152,F8E8729C,0,1,1,4294967295,0,0
Block,1728,1120,F529FF5E,0,1,1,4294967295,0,0
Block,1728,1152,E259640F,0,1,1,4294967295,0,0
Block,1760,1152,57ACD42F,0,1,1,4294967295,0,0
Block,736,1024,73707F56,0,1,1,4294967295,0,0
Block,736,1056,85F6C4FC,0,1,1,4294967295,0,0
Block,736,1088,2CB667DA,0,1,1,4294967295,0,0
Block,736,1120,2DEF01A1,0,1,1,4294967295,0,0
Block,736,1152,C1038E29,0,1,1,4294967295,0,0
Block,704,1056,A6C92123,0,1,1,4294967295,0,0
Block,704,1088,972D29E2,0,1,1,4294967295,0,0
Block,704,1120,90783F4A,0,1,1,4294967295,0,0
Block,704,1152,4D8D2382,0,1,1,4294967295,0,0
Block,672,1152,61E794BE,0,1,1,4294967295,0,0
Block,640,1152,C9168BF7,0,1,1,4294967295,0,0
Block,608,1152,CB046A93,0,1,1,4294967295,0,0
Block,640,1120,4AE92DE5,0,1,1,4294967295,0,0
Block,672,1120,DE30530B,0,1,1,4294967295,0,0
Block,672,1088,8B3BF2DE,0,1,1,4294967295,0,0
Block,2336,640,B7EE218C,0,1,1,4294967295,0,0
Block,2304,640,DED11556,0,1,1,4294967295,0,0
Block,2272,640,C919E49D,0,1,1,4294967295,0,0
Block,2240,640,A9114E7E,0,1,1,4294967295,0,0
Block,2208,640,EE8C8BD3,0,1,1,4294967295,0,0
Block,2240,672,D94B57F6,0,1,1,4294967295,0,0
Block,2272,672,EC52D1F7,0,1,1,4294967295,0,0
Block,2304,672,48328C5D,0,1,1,4294967295,0,0
Block,2336,672,86A08A3A,0,1,1,4294967295,0,0
Block,2272,704,3F5BDCDC,0,1,1,4294967295,0,0
Block,2304,704,60AF3D63,0,1,1,4294967295,0,0
Block,2336,704,A893C16C,0,1,1,4294967295,0,0
Block,2304,736,DEA93E4C,0,1,1,4294967295,0,0
Block,2336,736,F38F5F67,0,1,1,4294967295,0,0
Block,2336,768,FEB279C8,0,1,1,4294967295,0,0
Block,1888,1024,6E8BCBDC,0,1,1,4294967295,0,0
Block,2080,768,AA8EB12B,0,1,1,4294967295,0,0
Block,2080,800,E84BAE51,0,1,1,4294967295,0,0
Block,2080,832,758E59B4,0,1,1,4294967295,0,0
Block,1888,992,381E167C,0,1,1,4294967295,0,0
Block,1920,992,707A41A4,0,1,1,4294967295,0,0
Block,1888,960,C0BFFD16,0,1,1,4294967295,0,0
Block,1856,992,FD4BA361,0,1,1,4294967295,0,0
Block,2048,800,F9FBBD3E,0,1,1,4294967295,0,0
Block,2112,800,78C60DE4,0,1,1,4294967295,0,0
Block,1888,832,76765047,0,1,1,4294967295,0,0
Block,1888,800,ACFE00CF,0,1,1,4294967295,0,0
Block,1920,800,56F47F22,0,1,1,4294967295,0,0
Block,1888,768,6EE5F154,0,1,1,4294967295,0,0
Block,1856,800,E8AB310F,0,1,1,4294967295,0,0
Block,2048,992,0E444727,0,1,1,4294967295,0,0
Block,2080,992,66CB589E,0,1,1,4294967295,0,0
Block,2080,960,D2A3C326,0,1,1,4294967295,0,0
Block,2112,992,402DEAD7,0,1,1,4294967295,0,0
Block,2080,1024,BEFA4E72,0,1,1,4294967295,0,0
Block,32,1152,8A1B9ED2,0,1,1,4294967295,0,0
Block,32,1120,5124FF81,0,1,1,4294967295,0,0
Block,32,1088,6EAD2507,0,1,1,4294967295,0,0
Block,32,1056,B153D0DF,0,1,1,4294967295,0,0
Block,32,1024,8563F7D7,0,1,1,4294967295,0,0
Block,64,1056,92542A12,0,1,1,4294967295,0,0
Block,64,1088,A33F2AB6,0,1,1,4294967295,0,0
Block,64,1120,F82EA1D1,0,1,1,4294967295,0,0
Block,64,1152,EF527546,0,1,1,4294967295,0,0
Block,96,1088,7A7A8FBD,0,1,1,4294967295,0,0
Block,96,1120,338561C5,0,1,1,4294967295,0,0
Block,96,1152,B2C14C20,0,1,1,4294967295,0,0
Block,128,1152,C297BEA3,0,1,1,4294967295,0,0
Block,128,1120,F5568F87,0,1,1,4294967295,0,0
Block,160,1152,B795D2D4,0,1,1,4294967295,0,0
Block,160,896,7B22F9F0,0,1,1,4294967295,0,0
Block,192,896,F2AF3B07,0,1,1,4294967295,0,0
Block,608,896,A27EF1D2,0,1,1,4294967295,0,0
Block,576,896,688AD72E,0,1,1,4294967295,0,0
Block,192,928,BAB1CD93,0,1,1,4294967295,0,0
Block,224,928,DAC68C94,0,1,1,4294967295,0,0
Block,224,960,21A4EE78,0,1,1,4294967295,0,0
Block,256,992,8883DA84,0,1,1,4294967295,0,0
Block,288,1024,539FFB08,0,1,1,4294967295,0,0
Block,256,960,5B16C8E7,0,1,1,4294967295,0,0
Block,288,992,783853AA,0,1,1,4294967295,0,0
Block,320,1024,0654BEB3,0,1,1,4294967295,0,0
Block,352,1024,C51F924F,0,1,1,4294967295,0,0
Block,384,1024,DBB7EC69,0,1,1,4294967295,0,0
Block,416,1024,2D2AC1CF,0,1,1,4294967295,0,0
Block,448,1024,AE51F73B,0,1,1,4294967295,0,0
Block,544,928,8A0E0D71,0,1,1,4294967295,0,0
Block,512,960,B7B822E9,0,1,1,4294967295,0,0
Block,480,992,498C064B,0,1,1,4294967295,0,0
Block,576,928,F8A5FDBD,0,1,1,4294967295,0,0
Block,544,960,C22A1796,0,1,1,4294967295,0,0
Block,512,992,8B8C7C65,0,1,1,4294967295,0,0
Block,480,1024,A8603320,0,1,1,4294967295,0,0
Block,224,896,F9B7E511,0,1,1,4294967295,0,0
Block,256,928,6E52FC22,0,1,1,4294967295,0,0
Block,288,960,FB12E536,0,1,1,4294967295,0,0
Block,320,992,B8DA152D,0,1,1,4294967295,0,0
Block,448,992,AE86F584,0,1,1,4294967295,0,0
Block,480,960,E16615C6,0,1,1,4294967295,0,0
Block,512,928,E7022CE7,0,1,1,4294967295,0,0
Block,544,896,7CF07AEE,0,1,1,4294967295,0,0
Block,352,1056,13AB3079,0,1,1,4294967295,0,0
Block,384,1056,65296B91,0,1,1,4294967295,0,0
Block,416,1056,4C5E1A59,0,1,1,4294967295,0,0
Block,352,1088,99D7EECD,0,1,1,4294967295,0,0
Block,352,1120,AC177BA8,0,1,1,4294967295,0,0
Block,352,1152,947D578F,0,1,1,4294967295,0,0
Block,384,1088,20903E92,0,1,1,4294967295,0,0
Block,384,1120,88981DCF,0,1,1,4294967295,0,0
Block,384,1152,BA75971C,0,1,1,4294967295,0,0
Block,416,1088,ED379F69,0,1,1,4294967295,0,0
Block,416,1120,D5EB0D0E,0,1,1,4294967295,0,0
Block,416,1152,156B23E9,0,1,1,4294967295,0,0
Block,320,1056,B09C1BE7,0,1,1,4294967295,0,0
Block,448,1056,60B0012B,0,1,1,4294967295,0,0
Block,1152,512,07EA24C2,0,1,1,4294967295,0,0
Block,1184,512,C6C1CA98,0,1,1,4294967295,0,0
Block,1216,512,EA9E94D3,0,1,1,4294967295,0,0
Block,1152,480,F8D89ED8,0,1,1,4294967295,0,0
Block,1184,480,73BF13D6,0,1,1,4294967295,0,0
Block,1216,480,FE545D56,0,1,1,4294967295,0,0
Block,1152,448,33D41841,0,1,1,4294967295,0,0
Block,1216,448,4EE80C74,0,1,1,4294967295,0,0
MusicPlayer,1184,912,9F10AA2A,0,1,1,4294967295,0,1
SaveBook,2000,1152,C48FB622,0,1,1,4294967295,0,0
SolidItemBlockItem1,1440,1696,A48D0504,0,1,1,4294967295,0,0
SolidItemBlockItem1,1440,1728,EE33B0BA,0,1,1,4294967295,0,0
SolidItemBlockItem1,1440,1760,B05748CF,0,1,1,4294967295,0,0
SolidItemBlockItem2,2032,880,24F4F9EF,0,1,1,4294967295,0,0
SolidItemBlockItem2,2032,912,A5F6D2A2,0,1,1,4294967295,0,0
SolidItemBlockItem2,2032,944,4E10845A,0,1,1,4294967295,0,0
SolidItemBlockItem2,1968,944,253077C8,0,1,1,4294967295,0,0
SolidItemBlockItem2,2000,944,206B097F,0,1,1,4294967295,0,0
SolidItemBlockItem2,2032,848,3C5034CA,0,1,1,4294967295,0,0
SolidItemBlockItem2,2000,848,E3449927,0,1,1,4294967295,0,0
SolidItemBlockItem2,1968,848,C6355430,0,1,1,4294967295,0,0
SolidItemBlockItem2,1936,848,40B0D0D6,0,1,1,4294967295,0,0
SolidItemBlockItem2,1936,880,4E971D9C,0,1,1,4294967295,0,0
SolidItemBlockItem2,1936,912,21FB3358,0,1,1,4294967295,0,0
SolidItemBlockItem2,1936,944,C2343C74,0,1,1,4294967295,0,0
AutoSaver,864,1760,E9CA580A,0,1,1,4294967295,0,1
SolidItemBlockItem3,256,896,715D3CB5,0,1,1,4294967295,0,0
SolidItemBlockItem3,288,896,BABC065D,0,1,1,4294967295,0,0
SolidItemBlockItem3,320,896,005BBABB,0,1,1,4294967295,0,0
SolidItemBlockItem3,352,896,E0B33DE7,0,1,1,4294967295,0,0
SolidItemBlockItem3,384,896,E6B5B2A8,0,1,1,4294967295,0,0
SolidItemBlockItem3,416,896,574A7E55,0,1,1,4294967295,0,0
SolidItemBlockItem3,448,896,8BA3BCA5,0,1,1,4294967295,0,0
SolidItemBlockItem3,480,896,9158BA90,0,1,1,4294967295,0,0
SolidItemBlockItem3,512,896,72470862,0,1,1,4294967295,0,0
CutsceneHandler,1184,304,BC46DDBA,0,1,1,4294967295,0,0
Trigger1,1184,384,EF042868,0,1,3,4294967295,0,0
CrusherStatue,1184,384,35D24320,0,1,1,4294967295,0,0
Triggered1,1184,304,22C6D512,0,1,1,4294967295,0,0
PlayerStart,864,1760,A9273B56,0,1,1,4294967295,0,0
