Warp,640,352,A642464E,0,1,1,4294967295,0,1
Autotiler,32,0,E883BB22,0,1,1,4294967295,0,1
Block,0,32,003F7A19,0,1,17,4294967295,0,0
Block,0,576,001A25E1,0,25,1,4294967295,0,0
Block,768,32,00401B8D,0,1,17,4294967295,0,0
Block,0,0,00256BF1,0,25,1,4294967295,0,0
Block,224,544,3BE8C21A,0,1,1,4294967295,0,0
Block,224,512,0D249634,0,1,1,4294967295,0,0
Block,224,480,9AD58FE2,0,1,1,4294967295,0,0
Block,256,480,CE8103CE,0,1,1,4294967295,0,0
Block,256,512,CE36C8B6,0,1,1,4294967295,0,0
Block,256,544,E508376A,0,1,1,4294967295,0,0
Block,288,480,11CE6CB4,0,1,1,4294967295,0,0
Block,288,512,813FBC00,0,1,1,4294967295,0,0
Block,288,544,43EEE5F1,0,1,1,4294967295,0,0
Block,416,544,49253E31,0,1,1,4294967295,0,0
Block,416,512,ACF42EDD,0,1,1,4294967295,0,0
Block,416,480,6E700BCC,0,1,1,4294967295,0,0
Block,448,480,C1EA0632,0,1,1,4294967295,0,0
Block,448,512,A87DF801,0,1,1,4294967295,0,0
Block,448,544,EBDB1CF4,0,1,1,4294967295,0,0
Block,480,480,FFB4087A,0,1,1,4294967295,0,0
Block,480,512,5B5C737D,0,1,1,4294967295,0,0
Block,480,544,1978A92C,0,1,1,4294967295,0,0
Block,608,544,A7B56213,0,1,1,4294967295,0,0
Block,608,512,FB33BAD9,0,1,1,4294967295,0,0
Block,608,480,6A2F2CBA,0,1,1,4294967295,0,0
Block,640,480,75EB9409,0,1,1,4294967295,0,0
Block,672,480,9B716F1C,0,1,1,4294967295,0,0
Block,640,512,143F9BD0,0,1,1,4294967295,0,0
Block,640,544,6BE98056,0,1,1,4294967295,0,0
Block,672,512,55F16C5A,0,1,1,4294967295,0,0
Block,672,544,835E6C4A,0,1,1,4294967295,0,0
MusicPlayer,0,32,003C2ED2,0,1,1,4294967295,0,1
Skinner,0,0,56DFD954,0,1,1,4294967295,0,1
SaveBook,144,544,17C1EF80,0,1,1,4294967295,0,0
RuleEnforcer,80,240,07ABDECD,0,1,1,4294967295,0,1
Item3,448,352,C0FFC77C,0,1,1,4294967295,0,0
AutoSaver,32,544,EDB2C9B0,0,1,1,4294967295,0,1
ItemBlockItem3,608,352,FD5416DA,0,1,1,4294967295,0,0
ItemBlockItem3,608,320,E51798BF,0,1,1,4294967295,0,0
ItemBlockItem3,640,320,2213F171,0,1,1,4294967295,0,0
ItemBlockItem3,672,320,C86B421C,0,1,1,4294967295,0,0
ItemBlockItem3,672,352,B5870BA1,0,1,1,4294967295,0,0
ItemBlockItem3,672,384,295D1E1C,0,1,1,4294967295,0,0
ItemBlockItem3,640,384,16EFDBF5,0,1,1,4294967295,0,0
ItemBlockItem3,608,384,F9619777,0,1,1,4294967295,0,0
Tree,208,352,39AB0BA5,0,1,1,4294967295,0,0
CherryYellow,272,384,CEE5A10D,0,1,1,4294967295,0,0
CherryOrange,256,416,0852C5C3,0,1,1,4294967295,0,0
Cherry,288,416,5610C38E,0,1,1,4294967295,0,0
PlayerStart,32,544,96BD2CE7,0,1,1,4294967295,0,0
DialogueHandlerInteract,128,528,24E6C847,0,1,1,4294967295,0,0
