FieldSJ,608,32,0FBA82F4,0,1,1,4294967295,0,0
FieldD,608,64,8939841A,0,1,1,4294967295,0,0
FieldSJ,576,64,E2962290,0,1,1,4294967295,0,0
FieldU,576,32,4C5A828A,0,1,1,4294967295,0,0
FieldSJ,480,32,7B304297,0,1,1,4294967295,0,1
FieldSJ,480,64,50077F57,0,1,1,4294967295,0,1
FieldSJ,416,32,23E8FEA0,0,1,1,4294967295,0,1
FieldSJ,416,96,2A482B7F,0,1,1,4294967295,0,1
FieldSJ,416,160,52E67746,0,1,1,4294967295,0,1
FieldSJ,416,224,14CE5E3F,0,1,1,4294967295,0,1
FieldR,256,32,39F1ACFF,0,1,1,4294967295,0,1
FieldR,192,32,A4877CC8,0,1,1,4294967295,0,1
FieldSJ,96,320,839115A0,0,1,1,4294967295,0,0
FieldSJ,96,288,BE663F52,0,1,1,4294967295,0,0
FieldSJ,96,256,DEF604E2,0,1,1,4294967295,0,0
FieldSJ,96,224,E819B5E9,0,1,1,4294967295,0,0
FieldSJ,128,224,417B1BCC,0,1,1,4294967295,0,0
FieldSJ,128,192,43713372,0,1,1,4294967295,0,0
FieldSJ,128,160,406D0BDE,0,1,1,4294967295,0,0
FieldSJ,128,128,47F3D864,0,1,1,4294967295,0,0
FieldSJ,160,128,1976B986,0,1,1,4294967295,0,0
FieldSJ,160,160,95E6962C,0,1,1,4294967295,0,0
FieldSJ,160,192,8DD3FAC3,0,1,1,4294967295,0,0
FieldSJ,160,224,32DC8BCD,0,1,1,4294967295,0,0
FieldSJ,160,256,F899BB79,0,1,1,4294967295,0,0
FieldSJ,224,320,AE4AB615,0,1,1,4294967295,0,0
FieldSJ,192,320,A8B5B523,0,1,1,4294967295,0,0
FieldSJ,192,288,6E6F0D7C,0,1,1,4294967295,0,0
FieldSJ,192,256,FDB260C8,0,1,1,4294967295,0,0
FieldSJ,192,224,FD1AF6EC,0,1,1,4294967295,0,0
FieldSJ,160,320,C3BF1157,0,1,1,4294967295,0,0
FieldSJ,160,352,520DFFFF,0,1,1,4294967295,0,0
FieldSJ,192,352,28AEF7FD,0,1,1,4294967295,0,0
FieldSJ,192,192,8A8B0461,0,1,1,4294967295,0,0
FieldSJ,224,192,0CE955AE,0,1,1,4294967295,0,0
FieldSJ,224,256,2F396D48,0,1,1,4294967295,0,0
FieldSJ,256,192,E97B788B,0,1,1,4294967295,0,0
FieldSJ,288,192,2B6A2E66,0,1,1,4294967295,0,0
FieldSJ,288,160,0D5F0841,0,1,1,4294967295,0,0
FieldD,288,224,670D386F,0,1,1,4294967295,0,0
FieldD,288,256,7431B322,0,1,1,4294967295,0,0
FieldD,320,224,336A8C90,0,1,1,4294967295,0,0
FieldD,320,256,41A26040,0,1,1,4294967295,0,0
FieldD,352,224,1C4B8738,0,1,1,4294967295,0,0
FieldD,352,256,82F37BB4,0,1,1,4294967295,0,0
FieldSJ,224,224,9C28311B,0,1,1,4294967295,0,0
FieldSJ,256,224,15F4A05D,0,1,1,4294967295,0,0
FieldSJ,224,352,8420FDA8,0,1,1,4294967295,0,0
FieldSJ,96,96,3A2D728D,0,1,1,4294967295,0,0
FieldSJ,128,96,D59B466F,0,1,1,4294967295,0,0
FieldSJ,256,160,B660D3CA,0,1,1,4294967295,0,0
FieldU,128,32,5CB13E2D,0,1,1,4294967295,0,0
FieldU,96,32,95F9E845,0,1,1,4294967295,0,0
FieldD,352,288,98AAB1FD,0,1,1,4294967295,0,0
FieldD,320,288,B8250E12,0,1,1,4294967295,0,0
FieldD,288,288,FD653352,0,1,1,4294967295,0,0
FieldD,288,320,971DCF8F,0,1,1,4294967295,0,0
FieldD,320,320,A095CB3C,0,1,1,4294967295,0,0
FieldD,352,320,7F4777B9,0,1,1,4294967295,0,0
FieldU,384,288,484473C4,0,1,1,4294967295,0,0
FieldU,384,320,95C6DA46,0,1,1,4294967295,0,0
FieldD,352,352,F03D806A,0,1,1,4294967295,0,0
FieldD,352,384,E52F7CEB,0,1,1,4294967295,0,0
FieldD,320,352,7568885A,0,1,1,4294967295,0,0
FieldD,288,352,F338A3EC,0,1,1,4294967295,0,0
FieldD,288,384,82B2BA98,0,1,1,4294967295,0,0
FieldD,288,416,787DE281,0,1,1,4294967295,0,0
FieldD,320,384,41C9A57C,0,1,1,4294967295,0,0
FieldU,384,352,19465175,0,1,1,4294967295,0,0
FieldU,384,384,F10C0636,0,1,1,4294967295,0,0
FieldU,416,256,E3F34A00,0,1,1,4294967295,0,0
FieldU,416,288,31BFAA1D,0,1,1,4294967295,0,0
FieldU,448,288,E58589CA,0,1,1,4294967295,0,0
FieldU,448,256,D1372950,0,1,1,4294967295,0,0
FieldU,416,320,614E760D,0,1,1,4294967295,0,0
FieldU,448,320,CACA2662,0,1,1,4294967295,0,0
FieldU,448,352,9F020304,0,1,1,4294967295,0,0
FieldU,448,384,F4D7A1AD,0,1,1,4294967295,0,0
FieldU,416,384,476EE2F1,0,1,1,4294967295,0,0
FieldU,416,352,BB4FD7F7,0,1,1,4294967295,0,0
FieldU,384,448,1123565C,0,1,1,4294967295,0,0
FieldU,384,480,C1F6FD72,0,1,1,4294967295,0,0
FieldSJ,352,512,CDF93BE8,0,1,1,4294967295,0,0
FieldSJ,384,512,22CE17B3,0,1,1,4294967295,0,0
FieldD,352,416,CE793C99,0,1,1,4294967295,0,0
FieldD,352,448,F263F323,0,1,1,4294967295,0,0
FieldD,320,416,DB6F1D01,0,1,1,4294967295,0,0
FieldD,320,448,4484AAFE,0,1,1,4294967295,0,0
FieldD,320,480,5D77822F,0,1,1,4294967295,0,0
FieldD,288,448,32F4C143,0,1,1,4294967295,0,0
FieldD,288,480,1C8D50B1,0,1,1,4294967295,0,0
FieldD,352,480,0CC7FE9F,0,1,1,4294967295,0,0
FieldU,416,480,E9F6CA2B,0,1,1,4294967295,0,0
FieldU,416,448,BF63C3B2,0,1,1,4294967295,0,0
FieldU,416,416,C520652D,0,1,1,4294967295,0,0
FieldU,448,416,DD2B5FA9,0,1,1,4294967295,0,0
FieldU,448,448,8CA4A521,0,1,1,4294967295,0,0
FieldU,448,480,97A6EDCC,0,1,1,4294967295,0,0
FieldU,480,256,40ECA90A,0,1,1,4294967295,0,0
FieldU,480,288,44CCE236,0,1,1,4294967295,0,0
FieldU,480,320,6E1B4AAC,0,1,1,4294967295,0,0
SpikeU,640,64,C5D8BA95,0,1,1,4294967295,0,0
SpikeL,608,96,4FE5721F,0,1,1,4294967295,0,0
SpikeR,576,128,3B609D53,0,1,1,4294967295,0,0
SpikeU,608,128,FE6DFD3B,0,1,1,4294967295,0,0
SpikeU,512,96,8EEA534C,0,1,1,4294967295,0,0
SpikeU,480,96,2D1DD5CA,0,1,1,4294967295,0,0
SpikeD,384,32,77537EC8,0,1,1,4294967295,0,0
SpikeU,384,128,6EB9C238,0,1,1,4294967295,0,0
SpikeU,416,192,DA15B401,0,1,1,4294967295,0,0
SpikeU,96,128,2363E3CF,0,1,1,4294967295,0,0
SpikeU,128,256,C10E34FF,0,1,1,4294967295,0,0
SpikeD,96,192,ED29E205,0,1,1,4294967295,0,0
SpikeR,160,288,1C72DD53,0,1,1,4294967295,0,0
SpikeD,192,160,660103DE,0,1,1,4294967295,0,0
SpikeL,224,288,A97EA923,0,1,1,4294967295,0,0
SpikeU,192,384,2ACF9783,0,1,1,4294967295,0,0
SpikeU,256,256,6784F71C,0,1,1,4294967295,0,0
SpikeU,160,384,CA2D42B7,0,1,1,4294967295,0,0
SpikeL,128,64,1E464A5B,0,1,1,4294967295,0,0
SpikeR,96,64,B609BAEE,0,1,1,4294967295,0,0
SpikeR,288,288,9109CF5C,0,1,1,4294967295,0,0
SpikeR,320,304,2B72F705,0,1,1,4294967295,0,0
SpikeL,352,256,3C65E5A3,0,1,1,4294967295,0,0
SpikeU,368,352,BCE8FB4F,0,1,1,4294967295,0,0
SpikeU,384,384,D9E088A9,0,1,1,4294967295,0,0
SpikeR,288,320,4EE508F8,0,1,1,4294967295,0,0
SpikeR,336,368,B1F10CD8,0,1,1,4294967295,0,0
SpikeD,368,384,C00D84C8,0,1,1,4294967295,0,0
SpikeR,416,256,FE9D6A5F,0,1,1,4294967295,0,0
SpikeD,448,224,F33A2FFE,0,1,1,4294967295,0,0
SpikeD,320,448,21758411,0,1,1,4294967295,0,0
SpikeU,304,448,9A34181B,0,1,1,4294967295,0,0
SpikeU,288,480,ED62EDE5,0,1,1,4294967295,0,0
SpikeD,304,480,4312ADAA,0,1,1,4294967295,0,0
SpikeR,352,576,49E01EBB,0,1,1,4294967295,0,0
SpikeL,384,576,E3B731E5,0,1,1,4294967295,0,0
SpikeR,416,416,0E7EAA4B,0,1,1,4294967295,0,0
SpikeL,448,480,5F5AB275,0,1,1,4294967295,0,0
SpikeL,416,336,EFAC4607,0,1,1,4294967295,0,0
SpikeL,448,352,662AF301,0,1,1,4294967295,0,0
SpikeL,288,304,F4406AFB,0,1,1,4294967295,0,0
SpikeR,448,336,3E558E1F,0,1,1,4294967295,0,0
SpikeU,480,320,49F1DAC3,0,1,1,4294967295,0,0
SpikeL,480,288,B96AC686,0,1,1,4294967295,0,0
SpikeU,512,256,42B538CA,0,1,1,4294967295,0,0
SpikeD,480,160,B31C0D9B,0,1,1,4294967295,0,0
SpikeD,512,160,0ACA501D,0,1,1,4294967295,0,0
SpikeD,544,160,4F0ECADF,0,1,1,4294967295,0,0
SpikeL,608,288,A2C9CFA2,0,1,1,4294967295,0,0
SpikeR,544,288,F3D2F66C,0,1,1,4294967295,0,0
SpikeU,576,384,9F171339,0,1,1,4294967295,0,1
SpikeR,544,480,1735EDBF,0,1,1,4294967295,0,0
SpikeL,608,480,766571ED,0,1,1,4294967295,0,0
SpikeD,608,192,FA9ACED8,0,1,1,4294967295,0,0
SpikeD,576,416,1D97EC45,0,1,1,4294967295,0,1
Warp,576,448,9F1C8439,0,1,1,4294967295,0,1
Autotiler,0,0,E883BB22,0,1,1,4294967295,0,1
Block,0,32,003F7A19,0,1,16,4294967295,0,0
Block,768,32,00401B8D,0,1,18,4294967295,0,0
Block,0,0,00256BF1,0,25,1,4294967295,0,0
Block,320,192,0809A2F9,0,3,1,4294967295,0,0
Block,320,64,83D8288C,0,1,2,4294967295,0,0
Block,320,160,BAD16463,0,1,1,4294967295,0,0
Block,640,96,3E1C2CFC,0,4,1,4294967295,0,0
Block,544,64,AE1D710F,0,1,2,4294967295,0,0
Block,608,160,80930BB8,0,2,1,4294967295,0,0
Block,448,64,1745681B,0,1,2,4294967295,0,0
Block,448,128,0813005C,0,4,1,4294967295,0,0
Block,384,160,6B27CE04,0,1,1,4294967295,0,0
Block,384,224,C2679905,0,2,1,4294967295,0,0
Block,448,160,B7BA6CEB,0,1,2,4294967295,0,0
Block,256,64,45220DD7,0,1,2,4294967295,0,0
Block,192,96,87C2B9E5,0,1,1,4294967295,0,0
Block,192,128,D5A14A34,0,5,1,4294967295,0,0
Block,160,64,3AC9A8C6,0,2,1,4294967295,0,0
Block,32,160,2936F121,0,3,1,4294967295,0,0
Block,128,288,F8738A2C,0,1,3,4294967295,0,0
Block,256,288,A9D26FDB,0,1,4,4294967295,0,0
Block,64,64,75A1DF90,0,1,1,4294967295,0,0
Block,384,256,C7246A38,0,1,1,4294967295,0,0
Block,384,416,F8ED5A3C,0,1,1,4294967295,0,0
Block,416,544,614F3449,0,11,2,4294967295,0,0
Block,416,512,1061D520,0,8,1,4294967295,0,0
Block,480,352,0DE5B59A,0,2,5,4294967295,0,0
Block,512,288,44E7838E,0,1,2,4294967295,0,0
Block,640,192,B6F00471,0,1,10,4294967295,0,0
Block,640,128,208D43D6,0,1,1,4294967295,0,0
Block,0,544,08B5CCFB,0,11,2,4294967295,0,0
Block,672,128,26503E21,0,3,13,4294967295,0,0
Block,32,192,8F979342,0,2,6,4294967295,0,0
Block,32,384,0C33AFA0,0,4,1,4294967295,0,0
Block,32,416,AABBC160,0,8,3,4294967295,0,0
Block,32,512,C3BFCCCA,0,10,1,4294967295,0,0
MusicPlayer,32,32,003C2ED2,0,1,1,4294967295,0,1
Skinner,736,32,C46FE771,0,1,1,4294967295,0,1
SaveBook,704,64,2ED63A97,0,1,1,4294967295,0,0
SaveBook,64,128,CC5542EB,0,1,1,4294967295,0,0
GravNormal,160,96,9016223B,0,1,1,4294967295,0,0
GravFlip,96,352,CDECF795,0,1,1,4294967295,0,0
GravFlip,224,384,F0F060AC,0,1,1,4294967295,0,0
GravNormal,224,160,1531E45B,0,1,1,4294967295,0,0
GravFlip,368,544,E7219467,0,1,1,4294967295,0,0
GravNormal,576,160,A53571B1,0,1,1,4294967295,0,0
PlayerStart,720,64,96BD2CE7,0,1,1,4294967295,0,0
