Block,384,416,163353CD,0,1,1,4294967295,0,0
Block,352,416,C915956F,0,1,1,4294967295,0,0
Block,352,384,05349DB6,0,1,1,4294967295,0,0
Block,352,352,94B8B2CF,0,1,1,4294967295,0,0
Block,384,352,2AA26C36,0,1,1,4294967295,0,0
Block,384,384,96B9DAF0,0,1,1,4294967295,0,0
Block,416,352,50367BCA,0,1,1,4294967295,0,0
Block,416,384,CB364016,0,1,1,4294967295,0,0
Block,416,416,1EA72300,0,1,1,4294967295,0,0
CreditsWarp,0,0,0E0C98E2,0,1,1,4294967295,0,1
TextDraw,48,464,D5AA94F8,0,1,1,4294967295,0,1
TextDraw,384,32,39F57008,0,1,1,4294967295,0,1
TextDraw,48,512,5B66432F,0,1,1,4294967295,0,1
TextDraw,48,560,153A13FB,0,1,1,4294967295,0,1
Tree,336,224,1EB9A799,0,1,1,4294967295,0,0
CherryYellow,416,256,1CA2EB90,0,1,1,4294967295,0,0
Cherry,384,272,C90D2360,0,1,1,4294967295,0,0
CherryOrange,416,288,4B833D86,0,1,1,4294967295,0,0
