Autotiler,288,512,E883BB22,0,1,1,4294967295,0,1
Block,288,512,9D4F6491,0,7,3,4294967295,0,0
AutoSaver,384,480,9CE6FCC5,0,1,1,4294967295,0,1
BossSaveO,384,480,10C2B43B,0,1,1,4294967295,0,0
Triggered1,80,288,B995D880,0,1,1,4294967295,0,0
BossO,400,160,2F7B9C85,0,1,1,4294967295,0,0
Trigger1,384,480,40C61E32,0,1,1,4294967295,0,0
OrderBlock,192,576,DC466B0B,0,1,1,4294967295,0,0
OrderBlock,160,576,E947705F,0,1,1,4294967295,0,0
OrderBlock,256,544,4CDEAD4F,0,1,1,4294967295,0,0
OrderBlock,224,544,14675DCE,0,1,1,4294967295,0,0
OrderBlock,512,544,C9D7BA34,0,1,1,4294967295,0,0
OrderBlock,544,544,B12D92C1,0,1,1,4294967295,0,0
OrderBlock,576,576,BF084141,0,1,1,4294967295,0,0
OrderBlock,608,576,70DA2F95,0,1,1,4294967295,0,0
OrderBlock,224,576,0EFA85D4,0,1,1,4294967295,0,0
OrderBlock,256,576,80E0A300,0,1,1,4294967295,0,0
OrderBlock,512,576,D3F4AFE1,0,1,1,4294967295,0,0
OrderBlock,544,576,5EA2743E,0,1,1,4294967295,0,0
BreakBlock,160,576,A0F22058,0,1,1,4294967295,0,0
BreakBlock,192,576,B849A9DC,0,1,1,4294967295,0,0
BreakBlock,224,576,4CB67355,0,1,1,4294967295,0,0
BreakBlock,224,544,8FF5B6CC,0,1,1,4294967295,0,0
BreakBlock,256,576,9D3D57F4,0,1,1,4294967295,0,0
BreakBlock,256,544,FE93B87F,0,1,1,4294967295,0,0
BreakBlock,512,544,9E6F1477,0,1,1,4294967295,0,0
BreakBlock,544,544,28EC2F10,0,1,1,4294967295,0,0
BreakBlock,512,576,53455FD4,0,1,1,4294967295,0,0
BreakBlock,544,576,4EFDE968,0,1,1,4294967295,0,0
BreakBlock,576,576,E98A5E3C,0,1,1,4294967295,0,0
BreakBlock,608,576,82E43B08,0,1,1,4294967295,0,0
PlayerStart,384,480,96BD2CE7,0,1,1,4294967295,0,0
DialogueHandlerTriggered,80,288,44BB21E7,0,1,1,4294967295,0,1
