tileChaos,640,0,0,0,32,32,0,1,1,4294967295
tileChaos,672,0,0,0,32,32,0,1,1,4294967295
tileChaos,704,0,0,0,32,32,0,1,1,4294967295
tileChaos,736,0,0,0,32,32,0,1,1,4294967295
tileChaos,768,0,0,0,32,32,0,1,1,4294967295
tileChaos,768,32,0,0,32,32,0,1,1,4294967295
tileChaos,768,64,0,0,32,32,0,1,1,4294967295
tileChaos,640,96,0,0,32,32,0,1,1,4294967295
tileChaos,640,128,0,0,32,32,0,1,1,4294967295
tileChaos,672,128,0,0,32,32,0,1,1,4294967295
tileChaos,704,128,0,0,32,32,0,1,1,4294967295
tileChaos,736,128,0,0,32,32,0,1,1,4294967295
tileChaos,768,128,0,0,32,32,0,1,1,4294967295
tileChaos,768,96,0,0,32,32,0,1,1,4294967295
